Cycles
17640
5696
48819
49956
29854
5419
5664
5079
48098
55828
34155
4922
5111
4841
33562
43304
38010
56676
4762
4986
4849
37341
54616
29005
5647
4774
57808
4815
46773
53959
5873
54748
5404
5586
44527
56572
32646
30825
4744
4921
54866
45280
43399
52063
31242
4685
5424
54534
4696
55134
39757
28937
58223
6138
4855
4902
37614
29836
42511
5687
5162
55626
5063
6031
48519
45049
54654
34947
39068
4769
5955
39075
30592
58242
57134
5668
4832
4979
5001
5270
5352
5247
14023
4774
4717
33797
32895
33694
56402
5376
55838
5590
42386
6786
5741
18639
5145
24353
41923
5599
47351
30767
5644
46576
5372
4871
4791
4841
5449
5739
4942
31501
4722
39913
29658
50416
55143
32311
45626
4780
5543
4769
5879
4994
5121
40356
45688
32544
35780
41973
4793
52732
41284
47436
5105
49769
50449
5665
53577
49068
28825
5611
6391
52195
4898
4717
53201
4836
31460
42101
32521
35321
35731
50373
5596
14937
5603
5485
31339
46915
52851
35500
47066
5534
51019
34396
4981
4715
57009
14891
46553
48230
30235
56893
5186
30048
48269
33270
57216
47603
35231
5662
33711
36703
47613
46332
42526
38322
38260
36172
34111
32569
4785
49615
43704
44056
51194
41410
45842
57400
48745
6127
5488
31975
51503
33776
40425
40143
5998
31635
29665
6060
42372
32017
56264
53302
4996
38450
29501
51115
5292
30184
32339
5257
32042
38820
57382
56880
40686
29901
38556
50460
4851
36968
5173
57261
4759
43697
6156
4942
48755
31175
53630
46241
41689
49821
53469
51749
43051
34709
35312
17956
36004
4811
33500
4732
56780
31700
46717
5414
30238
24037
6288
4787
5138
57165
57629
59111
33813
24436
40331
4765
6249
30474
55365
57737
38308
57618
31225
34334
34618
59471
5618
44643
4919
60204
45595
31158
54765
33109
44462
53289
29118
33593
51446
48142
47952
44470
55955
49371
56101
15761
46591
41030
50930
4810
4733
4961
38037
40951
56688
38917
29700
4932
48205
4819
36800
56078
4894
4724
4912
38701
57531
41515
48388
43120
32912
37623
49917
55926
34740
5971
34430
5184
33541
4783
56815
32414
41421
15417
5376
38938
56078
35454
5021
29173
42935
58174
56335
57511
4780
41375
40781
56784
29084
5262
34556
50176
4787
4679
46017
55891
32372
38899
5588
50048
57819
40046
55052
25980
5013
4903
29188
56964
30886
31683
4789
52923
4761
33718
5879
47816
50991
54747
15924
4741
4758
25136
56873
33560
56572
4796
29614
44762
43347
5413
49695
5987
34761
19434
5015
4784
32653
57427
55838
41926
4723
23883
34087
29795
56689
54434
4722
4800
4955
5136
57798
4937
5701
44382
5051
28100
36279
36824
30295
56060
24746
4864
53648
32639
41708
37798
46639
35506
5383
13493
4952
37226
31452
30028
31131
4804
54138
49324
55490
34824
35804
51409
49002
4758
4813
4704
4761
4987
4761
4815
45267
46459
34219
42432
38669
13291
5035
38556
57867
31527
33402
5403
6083
51676
45630
5238
54488
4728
52185
55339
34983
4940
54207
29091
39631
4774
41769
52068
30605
4740
4940
33402
34824
41926
31700
6156
53302
14937
14023
5001
39068
58223
56676
466763
