Cycles
5456
4769
4942
5624
5666
5065
5714
5615
5230
5605
4737
5890
5786
6831
4728
4983
4750
4806
7318
4735
4791
4927
4782
4842
6815
6873
5104
4934
5111
6901
4774
4774
5690
4777
5027
4901
6165
7184
4787
5484
5501
4771
6225
5615
4718
4743
4813
4774
4891
4953
4872
4769
5786
4808
4877
5970
4948
4804
4755
4800
4899
6092
5238
5636
6610
5044
4741
7370
6617
4936
5758
7054
6083
5907
4871
5627
11843
4936
6033
5081
5149
4793
4777
5063
4785
5059
5419
4810
5610
5045
6227
6066
4955
4832
5368
5159
4798
4771
6137
4808
5325
6089
6089
4867
5530
4923
5069
4795
4781
4771
4797
5122
4787
4798
4775
4847
5637
5562
6372
6093
4875
4940
5022
4768
4900
5605
4878
5737
5447
5497
4758
7033
4802
6692
4891
5896
8684
6126
5210
5711
5102
5828
4780
5838
7715
4802
4747
6158
6724
4799
4994
5050
4845
4790
5768
4739
4818
4785
4807
5487
4957
5277
4929
11980
5740
4778
5041
5407
4767
5281
6904
4840
4852
4997
5518
4769
5169
5741
5480
5137
4780
5298
4960
5223
6018
5944
4778
5495
5588
5132
4816
4804
4798
4730
4858
4758
6052
4903
6035
5057
6385
4745
4797
4756
4780
5794
5123
4860
5612
5130
6634
5042
5545
4761
4794
4778
4994
4893
4931
4811
5741
4855
5616
4996
5054
4783
4745
11875
4892
6162
4758
4730
4815
4789
4963
5077
5962
4888
4767
4985
4798
4770
4768
4836
5514
4839
5659
4801
4983
4778
5096
4804
4796
5728
5955
4888
5489
4767
4768
5724
5203
5905
5160
4761
4839
6236
5024
4773
4770
6232
5579
4938
5113
5525
5975
6268
4814
6115
5019
6174
5022
5411
6789
4808
5761
5268
4975
5750
5082
6081
5022
5944
4894
5595
4914
9852
5415
5815
5199
6020
5170
4769
4955
5983
4886
5642
5058
4871
5752
5858
4761
5004
5869
4873
5213
5530
4754
7638
5402
4773
6381
5015
5185
6377
5404
5067
4752
4750
4806
5199
4866
4706
4765
5467
4778
4774
4771
4972
4741
4993
4979
5077
5781
6149
5638
5560
5089
4987
4929
4998
4970
4770
4783
4797
4953
4761
4750
5258
5711
5216
4879
6219
5930
4890
6308
5166
4938
5581
4748
6975
4748
5255
4768
4885
4733
4962
4778
6165
5940
4793
4749
4944
4888
6093
4893
4794
4767
5878
5042
6192
6288
4743
6875
6053
4801
4937
4797
5678
5247
4981
4811
4977
5587
6016
4802
6096
4776
5575
6874
4879
5028
4802
4760
4770
4795
4793
5495
4836
4760
5294
5974
5382
4787
4784
10047
4779
4785
4779
5849
5305
4771
4769
4922
5047
4769
5368
5066
4807
4867
4788
5380
5730
4857
4929
4776
5577
5275
4810
4742
4752
5009
5981
4767
5495
4968
5750
4802
4761
5247
5745
5603
4924
5238
6015
4942
6233
5013
5981
6700
4938
5276
4777
5821
5868
5331
5579
4801
4769
4789
4821
6213
5491
5029
5489
6162
6174
4836
5530
5456
