Cycles
33849
34878
34784
5320
5707
5007
35763
30808
53020
29564
23819
5022
5858
4789
33039
4886
4808
28488
35688
50274
5452
39258
4782
56213
32388
32594
5255
5855
31984
41801
4870
39034
5465
37240
5832
35961
37498
30050
4769
4759
5720
4758
48207
6083
4797
56813
5193
5992
45017
5005
5885
4728
6158
5737
31506
5534
46894
46174
44909
38928
31195
5152
44658
46314
6407
49076
44371
40962
33046
55572
57931
4808
32732
54250
56730
4745
36985
5313
55144
34415
5289
24285
5231
4717
4913
4704
5519
24093
5757
53293
33672
32907
37910
37958
4735
4907
5979
4904
24503
5233
4749
4763
53002
5331
42444
5315
38934
4968
54404
4879
5063
5823
4836
5925
4784
4769
4780
5793
44351
39788
4763
49306
46656
4735
4771
5165
4808
50082
12413
4901
5571
4749
38999
5054
44498
5339
4709
57605
39660
4759
5768
5430
5084
29874
51711
5292
45785
55946
4731
5983
7567
4795
39170
41480
4875
5964
4778
5497
35077
5137
5876
5707
40230
4731
57307
30208
41022
4702
5720
4814
48457
5894
4799
37852
35878
44040
4865
35370
40188
5979
6001
34318
30238
4946
37729
38560
4779
40919
58125
5776
40427
35170
5230
5296
46788
5822
37107
5069
5253
50940
46046
5000
51739
56864
54114
26345
34897
33688
31044
56184
5613
4750
54822
52689
47521
41128
4738
31845
4907
43410
5935
52644
47088
5711
4778
46328
6679
36813
4776
33359
46760
8685
24900
54615
37188
5188
5698
48254
5929
4759
52378
56263
30549
33048
45453
39770
14610
4780
47671
4782
5284
55569
43233
4869
65779
25494
28661
4838
38618
4759
5001
5580
5616
4981
9221
5078
15610
4758
36699
5133
4747
57296
43723
42068
4768
50006
36690
26249
47082
5089
57115
26152
5432
56223
32572
31015
31115
5979
58132
30852
5580
4767
25591
33621
57891
43656
4778
4757
4770
4748
53627
31355
54375
57272
30013
5263
43734
4828
4775
5320
5542
4745
4759
57257
58817
39707
57291
43383
4761
5726
42205
51047
55781
55397
54626
35223
43737
45111
42752
29007
20885
6192
35910
30210
4998
32528
4759
5132
30131
32208
43318
30659
4767
43473
55882
31724
44051
4715
41556
31035
4770
43535
35607
5192
35898
49541
55512
5082
28857
57696
38381
54536
4806
35521
42219
36372
31001
4735
4767
4791
40800
35580
5216
35154
54142
33204
46142
40271
39217
57174
54961
34860
4808
5175
51136
4861
4743
5853
4776
5824
5774
4755
5620
23916
5369
5637
6325
4873
5453
5017
5097
4786
5999
5687
4767
4750
4778
5288
4737
5251
4743
6132
4832
4750
5098
4762
4813
5180
4780
5711
4779
4756
4780
5506
4760
5810
4709
4875
5161
5128
5870
4860
4823
4797
4780
4777
4828
4761
6134
4845
4905
4698
5368
4776
5748
6135
4772
4743
4993
5454
4741
4766
5827
6461
5190
4778
4951
4749
4796
5975
5015
4763
5245
4785
4942
5866
4775
5149
4784
4745
4874
5473
5633
4752
4797
4794
5067
4764
4742
23701
6361
4793
4786
4948
4745
4746
5739
5030
4814
5925
4789
4770
5979
5133
5001
5776
5292
5465
5255
4782
