Cycles
5865
4761
4897
5237
4742
6249
5645
5875
5529
5038
4812
5072
7217
5037
5708
5620
4869
4736
4788
4774
4800
5515
4860
4985
4996
4994
5530
4873
5969
5132
5967
4728
4804
6493
5692
4927
5769
5065
5158
4994
5111
5920
6921
6119
4981
4782
5007
5644
6730
5036
4879
4744
4837
4741
5850
5285
6037
4929
4936
4769
4784
4742
5199
6173
5003
5787
5791
4934
4769
6398
4770
9884
5303
5053
5873
5741
4772
9062
5552
6163
5122
5579
5789
5184
5167
5292
4935
5474
5534
5007
5076
7942
4802
4806
5048
4847
5737
5027
5422
5402
5015
4929
5229
5564
4903
5167
4955
5633
4968
4914
5110
4893
5081
4907
6113
5028
4797
5032
7044
4825
5238
4894
6947
5581
5197
6184
4761
4992
5351
5426
5748
4933
4914
4940
5837
5072
5981
4849
6067
4885
4903
5509
5106
4911
4786
4944
5731
5086
4778
4730
4871
4834
4781
5003
4879
5112
4812
5374
5197
4838
4988
5716
5059
4906
6120
5344
6061
5802
5071
5072
4857
5745
5454
5663
7260
4825
5486
5318
5506
5210
4765
5942
5200
5772
5623
4763
6624
4881
6163
5465
4745
5374
5391
6141
4770
4791
5009
5138
5662
5151
5934
4977
4834
4995
5590
5683
5729
4957
4914
4769
6067
5999
5724
5104
4952
4988
6184
5551
7245
4972
5054
5584
5073
5645
4867
4830
5970
4893
4804
6180
5590
5048
6108
4867
6418
4719
5437
5927
4881
5478
5250
5525
6828
4782
5037
5588
4748
5752
4759
5372
4901
5127
4912
5568
5579
4811
4884
5485
4914
4771
4780
5430
4776
4771
4776
6056
4769
5830
4793
5249
5461
6158
4942
6219
4795
6640
6042
5674
5046
6074
5731
4918
4849
5088
5401
5643
5417
4929
4868
6048
4892
4891
5432
4748
6091
4791
4962
4757
5228
4840
5385
5808
5134
4806
4860
4768
5819
4758
5731
6121
4780
4777
4771
5488
4744
5865
4915
4758
6007
4978
5029
5351
5177
6335
5292
5145
6867
5730
4787
4767
4981
4733
4906
5868
4765
4808
4780
4962
5601
4806
4756
5592
4987
6788
4777
4849
5121
4802
5867
6344
5638
4793
5113
5588
4812
4761
4955
5215
4778
5873
5365
5735
5581
5396
4920
4778
4754
8033
5774
5057
5102
6657
5832
5804
4789
5104
6019
5715
4957
4945
4961
5785
5886
4819
4745
5644
5178
4793
5175
4930
4957
5945
4886
5668
4860
4847
5416
5074
6135
4743
5584
4797
6173
5176
4770
4996
4952
5627
5205
5031
5344
5703
5149
5687
5117
5136
6166
5916
5229
4946
4774
4936
5326
4800
4946
4774
5409
4752
4959
5732
4782
5409
4765
4787
4911
4788
6622
4793
5017
5130
5169
4795
6106
6395
4764
4927
7351
4860
5011
6075
4763
6003
5975
5422
6035
4752
5836
4778
5996
4832
5602
5304
5540
5251
4996
5404
6013
6050
4955
4756
4990
4984
5525
5096
5151
4775
5732
4789
6048
5401
4793
4769
