Cycles
5340
4752
5992
5011
4785
4814
5426
5214
6087
6385
23941
4933
4771
4743
4798
5982
4798
4813
4774
4728
4724
4931
5350
4709
4947
4961
5415
5669
4978
6294
4757
4737
5244
4767
6128
6046
4760
6054
5044
4767
6031
4817
6114
4782
4761
4826
6018
4800
4792
5996
4756
4741
5456
5066
4783
4953
5467
6011
5456
5902
4791
5737
4817
4917
4756
4780
4722
4914
4767
5750
4804
5004
37244
4784
4775
29951
5080
4683
5098
4754
6835
5233
4741
4802
4732
4822
5428
5652
4734
4777
4992
5449
5182
4770
4743
4866
4779
5672
5696
4878
5356
5564
5517
6464
4877
4806
24698
4746
6049
4793
4810
4886
5843
5052
5650
12183
4775
5167
4801
4760
5785
4832
4710
5426
24112
5746
4763
5574
4942
4768
6201
4795
5532
5461
4830
5596
4831
4933
4735
5793
5230
4760
22356
4759
4760
5467
5193
5242
5413
5359
5165
4760
4779
4789
5361
4770
4780
5212
5076
4819
5918
4720
5445
4702
4761
4763
6076
4873
5004
6168
5802
6325
5631
4989
5316
4829
4806
4749
5583
5806
4706
5959
4962
5302
5392
6223
5614
6256
7190
4860
5391
6344
4769
5750
5435
4976
5843
5326
5193
4760
4842
4779
9947
5380
4791
5370
5397
5750
4914
5188
5991
4765
4883
4772
4828
24399
4816
4769
6093
4989
4746
5255
4783
4768
5150
4756
4893
6730
4800
5912
5573
5733
4763
4745
4814
4985
4761
4745
5796
5379
6573
4741
4765
4765
4922
4759
4925
4759
6878
4746
5897
5476
4877
5318
4758
4791
6128
5011
4873
6002
4841
4793
6115
5029
6748
4740
4739
4799
4742
4767
5746
6128
4804
5374
4875
6032
4806
4871
4741
4747
6039
5772
4952
5387
4792
5372
4741
4847
4770
5652
4775
5714
4856
4754
5333
4768
4837
23864
4878
4830
4916
4711
4773
4762
4756
4789
5322
5377
5318
5188
4747
5921
5817
4737
4863
5850
6273
5473
5249
4849
5428
4960
4832
5039
5523
4752
5443
4776
5620
4871
4745
5545
5525
4766
4843
4806
4666
4725
4793
4747
5694
5416
4774
5069
5358
5356
5605
4977
7875
4912
5271
5642
4828
4761
5644
4873
4823
4897
5633
4864
4874
4763
5262
4749
6118
5309
4738
4901
4766
5158
5471
4767
5329
24678
4768
5460
4774
5387
5620
4769
4888
4870
5933
5811
4772
4743
5229
4791
4756
5478
5152
9642
6606
4760
5478
6065
4828
5201
5552
4784
4767
5747
5819
5262
5235
24533
4736
4745
5291
4763
4762
4754
5936
4756
4756
4752
5623
5173
4998
4966
4771
4786
5041
4800
4750
4738
5564
5190
4992
4776
5487
4756
5854
4845
5286
4806
5046
4744
6185
4724
4787
5579
4808
5037
4949
12988
4734
7010
4770
5463
4717
5809
5903
5654
6428
4778
4777
4780
5018
5374
6087
