Cycles
47754
49209
18236
4819
25537
4758
46712
49816
55622
54415
33085
56742
49372
38727
37768
57171
6242
50299
56866
30573
5192
57935
6379
5524
44574
52226
56447
4989
4999
5622
46407
4972
4751
5314
4808
6124
4791
5295
23993
4808
4979
4788
4780
5860
37641
4670
5210
4873
4879
5333
23834
4865
5521
15264
40850
39096
5999
50724
4749
33681
5194
6005
4896
5940
30378
13023
16483
4768
6035
5800
4659
4776
16124
4806
4814
5698
5824
4802
4910
4804
5821
4810
4797
4854
4829
5526
4657
5174
5063
5186
5986
4959
17863
5828
4700
4793
4840
4750
56819
45862
33571
57715
56835
36422
37379
36018
6135
44120
5701
6573
6187
4741
53585
30423
58406
34940
4778
23791
5180
56460
32787
5609
48088
57724
5157
4789
4816
57819
39239
43848
4771
53645
5521
24693
4789
58343
32046
4778
4897
55929
30304
58275
30462
4930
33450
6256
38420
6698
4820
4661
38908
48364
5573
56210
33292
41423
46813
4748
32953
4849
56765
45710
5523
43900
4888
5040
34655
4633
5891
4804
56832
48945
33128
5748
33111
4796
40047
5276
5392
4804
32688
47840
46833
38803
32873
54908
48691
5780
4665
48965
58782
5016
44089
35789
4873
51525
39632
4763
42773
4781
31372
44118
5865
4849
4812
5116
6048
4827
28940
4839
5845
5046
4776
6164
5006
4709
4778
39690
5889
42247
4786
40059
31067
38850
4793
5818
55774
47846
51988
40534
4838
56167
4778
32356
4965
4804
13742
5646
5365
43425
5815
43008
24763
4659
5956
42207
52090
4773
58170
65565
51560
32562
36434
55494
33966
33925
5287
4804
35614
5502
52939
4830
4793
36996
44375
37498
23523
5119
36556
50523
5121
4977
49717
45332
5850
5749
31476
4802
5578
30733
4875
44180
32037
43712
52298
5542
38893
52276
4771
4840
51494
59394
4891
52937
4825
52702
48371
31067
56788
48751
37532
59197
4803
4796
52681
4760
32002
58721
4685
45099
35867
48282
48397
36864
4791
4778
31052
4816
49708
4696
46544
14247
4855
53296
48088
36378
4769
56354
43517
37165
49349
37625
29949
29458
5739
37632
35182
4769
31601
4773
7046
47768
4920
43163
4762
28259
24982
4825
6126
50706
58420
35415
56438
4933
4782
29916
49451
46969
6029
46223
50214
6119
48903
37256
49052
4758
50907
6197
42793
58163
4838
43688
4839
5955
4839
45907
53423
36156
7243
40057
30276
5562
49993
4953
50881
5388
51585
43872
4728
45079
5201
63992
5843
4776
4769
38418
4890
46854
4806
41896
31398
4800
4933
4806
56244
4784
4823
5587
4780
4765
4689
5419
18144
58005
25368
4733
4700
4752
33718
31711
33307
48174
58192
26369
45874
4856
4791
4802
5393
5411
23860
5860
30372
4687
46332
35908
5005
45284
39192
34270
44189
4666
4750
38763
5101
59229
32786
31119
31072
4873
33089
45831
4964
30951
5914
5862
4825
5636
34943
30432
36709
4832
33566
30552
4802
43733
4769
52147
44669
51853
6091
4814
21565
29843
4787
52985
4813
37697
4667
40984
4813
4776
4800
35200
5298
5283
29825
5193
45907
4943
55697
4785
53752
46589
35908
4769
4933
4825
4803
32787
