Cycles
4765
5523
4757
4769
4823
4998
5756
4942
5985
6084
4787
5484
4722
4725
4964
6115
5208
5067
5879
5052
6431
28525
4788
5683
4815
6083
4810
4836
4877
5525
4817
6529
4976
5728
4718
4924
5634
5346
5110
4741
5566
5277
4927
4862
5737
4955
5052
5091
4773
4886
5867
4765
5720
29175
4730
4704
5773
4804
5409
5486
4778
5724
4700
5380
5639
5101
4795
4815
4890
5623
4743
4910
4737
4888
28298
6009
6657
29208
5659
4808
5974
4821
4781
6022
4782
4810
4798
5698
28348
5001
4780
4875
4810
5921
5398
4774
4780
4791
4782
4795
5560
5307
4985
4989
6150
5161
5545
5128
4768
5268
4835
4811
5003
4946
5996
5748
4910
4797
4688
6573
5147
5101
4778
5123
4895
4750
4776
4972
5227
4795
4784
5271
4825
4783
4831
6044
4842
5434
4773
4783
6976
4919
5154
4795
5633
4782
7126
4839
4802
5026
4711
4776
4760
5348
5104
4862
4784
4976
4898
5877
4803
6378
5372
4773
5024
4737
5740
5771
4806
4806
4952
4917
4799
6048
4800
4927
4726
5213
4823
4774
4790
4769
5661
4815
6536
5666
4782
4780
5374
4834
4888
4927
5612
4964
4955
5517
29472
5016
4832
4949
5923
5404
5722
29231
4780
5839
5136
4758
4773
4808
4773
4806
5180
5713
5014
5549
4812
4788
4672
4776
6889
6069
4746
4837
9249
4989
4658
6219
4903
4733
4905
5686
4754
4756
5206
5590
6338
4782
5075
4790
4867
6169
6020
5013
4764
5324
6459
5519
4699
5701
5251
4752
27421
4748
4862
4966
4813
4795
4769
4832
5055
11323
6119
5588
4759
5707
4802
4896
4778
5111
4767
4791
4856
4776
5171
5569
4882
5595
4774
28199
6309
4893
4814
4798
4754
5532
4972
4996
4840
4901
8124
4890
5428
4802
4676
5330
29478
5648
5765
4752
5183
5076
6531
5223
4711
5276
5704
5463
7134
5026
5612
5091
5071
4717
4718
5785
4800
4746
5173
4806
5694
4795
7385
5248
4800
5504
5928
5153
5402
5488
4782
5349
4890
4979
5655
5518
6018
4806
4775
4815
5678
4859
4836
5640
5812
4758
5288
4905
6074
28441
4879
5603
5573
5327
6074
4950
5649
4839
4786
5273
4771
6491
4789
4799
5674
4793
4804
5624
5595
4789
4713
5428
5890
4756
4778
5428
4757
5398
5860
29617
5333
4769
4692
5728
4784
5324
6810
4814
6106
4778
5003
4778
4793
4759
5960
4797
4802
4721
4741
4990
4737
5620
5361
6296
5917
4839
5493
5385
4782
5782
5423
4794
5303
4920
4763
4771
4783
5189
16967
4812
5046
5240
4789
4778
4761
5042
5210
4813
5713
5014
5795
5488
4752
5675
4789
4828
5489
5586
4797
37757
4765
5013
4781
4798
4945
5560
28262
5150
4793
4668
7692
4728
4770
4983
5187
4735
5731
5510
4765
6180
5094
4961
4790
4990
4862
4871
4816
4695
5461
4816
4938
5474
4713
5164
5817
6361
4841
5337
4845
4843
4750
5270
5955
4976
6238
4845
4793
4789
4972
5536
4717
4817
4758
5717
5265
4925
4728
5508
5046
5877
