Cycles
4778
5217
5171
4752
35297
53784
4860
30494
5344
39556
51927
4784
44441
57816
4934
45371
4759
33356
38340
30471
4733
39652
5903
35055
30125
5417
55917
32148
32319
40675
4705
33180
35301
54588
5461
55246
4756
29521
7325
29441
4808
36054
56720
35716
4752
58624
31505
57258
32603
36285
44427
4910
9413
5340
4732
5368
32279
44001
6039
5268
4808
51074
29935
6043
29203
4905
4719
5527
4806
5621
52208
47278
50336
53687
5284
37085
40254
5405
5765
5122
6043
42647
4705
45077
56216
4795
38759
6001
4873
49129
56970
38031
5989
5166
36173
4776
4685
4717
41835
36325
5532
5000
57197
30124
5938
6569
4743
4877
30246
36249
29894
5497
4987
44803
6173
49723
5018
4780
5305
48749
55177
4806
43234
36067
53533
41187
4886
40034
37502
6712
34672
36604
5181
46403
5628
4797
5543
31167
34201
13169
29728
48607
41400
5127
36899
5665
6828
4804
6048
51646
29911
59576
4810
5661
54681
31002
47430
4767
47431
58607
4763
5402
56050
45764
6057
5312
5009
7160
5674
4830
4832
4817
4819
52810
34280
29656
4728
5957
53505
57800
32365
47155
41127
34457
52143
42180
23738
4808
4773
6144
4882
43946
4770
5610
31665
31780
4752
49449
6774
4698
5774
37841
56717
4871
4730
56413
55544
4745
6037
4776
43580
5104
4752
5057
4798
28968
4879
5248
5031
50756
59426
58592
55812
4769
4922
33969
4797
41799
6307
40233
4775
44446
5884
28769
4756
5046
35307
30977
4810
37088
6182
50109
4769
53277
5281
36547
4791
31890
53421
28575
4942
4762
31892
57383
54814
45710
37441
5689
42017
5536
4789
4941
4758
36755
42994
47245
4776
4758
4748
4815
29703
45946
33415
55726
41165
4728
30195
5530
5797
4714
48820
41028
4821
4767
52167
43341
36685
4789
35962
52749
7968
4772
52508
29845
4762
60165
5149
41621
53311
5633
4786
17084
4775
39871
33028
45319
56534
59269
37232
4955
4780
5564
54771
31272
5867
56816
35766
37785
4757
38424
28944
4855
4743
28160
49695
32258
4769
5580
4944
5789
5728
4851
4698
4810
38981
28998
4812
4793
54961
29372
31672
57464
31672
39234
6891
4795
55045
5175
4788
5381
29115
4808
43487
5482
45448
41636
47427
39435
32871
29421
29338
4742
4971
53930
57005
29756
5892
25942
44954
4920
6173
42055
48671
55041
6175
4734
28471
51831
32631
6002
4983
53793
57860
57825
32618
56674
4843
4760
55127
29749
41186
34811
51704
35807
55698
5262
33544
5961
5385
4968
29448
30763
5309
108196
32266
30026
29936
5551
4791
4984
6830
4804
6622
4761
5435
4789
4791
46794
6310
38708
44419
58292
38083
42293
32386
4780
28646
4888
56936
32009
4858
56694
31813
30223
4797
37306
55828
57756
34623
57213
42760
5095
5056
39708
32279
5266
5776
6841
4670
5801
4843
5881
6123
4752
6080
5502
5154
6327
5331
4774
4752
4797
34350
32132
52233
46990
37618
58834
30806
30847
35667
6156
54583
4795
38740
4713
46714
4817
4804
4662
4727
4987
5724
5004
8012
58332
29646
27689
4774
57653
30723
57112
29525
4762
41799
36067
5765
35716
