Cycles
55101
58542
5098
24345
5625
40893
4782
38493
45371
4725
4708
6338
5979
5971
12988
4769
5368
4717
43848
38417
5854
31291
53224
44058
24874
34558
33329
4745
5881
4770
45367
56711
51645
4843
47576
4782
4832
4752
40489
4994
50944
31758
44405
4776
31132
50192
57706
57188
5640
47060
37432
4827
31797
50130
51456
46213
45237
4767
28221
4793
6458
31759
35214
33393
53215
55160
4775
54966
32149
53443
51310
30739
30683
48311
58229
5130
4768
49868
5763
39483
4756
58367
50918
4748
9303
5162
28298
38484
58007
54447
25304
5654
37873
30761
31020
32756
57010
4702
4755
4937
4771
30763
4871
46934
4994
4790
4757
4827
4754
4745
55685
56051
32197
43408
32998
31510
16552
11777
5322
35143
56110
56394
4748
5242
4752
4744
42189
4877
5492
5443
5575
4812
34437
5529
5543
47859
51475
33634
4750
30566
37829
28663
4853
44788
5415
4786
55385
52564
35439
5184
52824
52300
34768
4765
5724
4892
5564
34029
4765
4945
59959
4858
41291
4960
5562
5633
56564
41794
4815
35037
4771
4716
5581
4771
5596
29786
5229
4730
52967
39263
4743
45964
5724
4790
48484
4849
5307
5383
50405
4783
38012
50467
4951
5052
6355
44699
41100
24840
4748
48955
54037
5742
32369
25743
29771
41115
4823
32447
56899
23886
4819
30827
5657
4944
5560
4756
4935
56259
30992
32045
4813
5754
5707
43470
4745
40100
41176
36347
4817
5298
4752
4767
41116
7883
5024
46434
39012
30635
14541
4899
40869
42377
5875
43254
4797
6310
57151
56859
42070
15194
5767
47693
4793
38254
4750
37834
38784
4741
53192
37638
4745
4970
5757
52592
5391
4768
4759
4767
4869
49987
30353
32050
29042
4756
4780
37202
5884
5351
31246
30389
54997
6147
5097
5506
37988
32852
31210
56296
4920
4943
33984
44610
29173
14617
5270
5417
58044
58158
56862
6020
5500
5586
32819
55417
57538
30737
4791
36115
4762
44382
5197
5744
34009
55136
4782
4781
9752
5829
34436
4782
43959
54624
32802
39240
5147
5203
33597
30917
58549
57564
5799
35815
50994
31057
40228
53411
4792
16036
5253
4753
5742
43098
32889
47867
4881
51953
43526
45578
49863
4808
36847
4787
49192
54026
31283
48918
34437
4926
5469
5653
4849
31575
4767
58629
42621
37625
53246
52916
34086
43368
51445
24904
29985
5931
4974
43226
8199
4763
57384
57287
44697
31089
42241
29446
4780
40003
4950
53975
4743
48880
4731
5346
49061
54981
4696
5682
52849
50637
4839
42249
34593
55654
36618
36110
4765
4802
30156
4789
42530
5181
6199
4795
33629
42498
53568
47436
5735
5394
6832
24619
35326
39022
4796
58065
10396
50905
39541
45113
4789
5912
5456
5875
51611
43481
5178
39668
4750
31823
31013
31938
54571
36165
57100
58489
49589
5826
4782
4757
5798
4912
5230
5925
4875
4733
4779
6452
5877
5353
4797
6333
4834
5921
23438
4736
5346
4942
5908
5886
5462
5057
4733
4784
4726
5796
4773
4989
4896
5178
6020
4768
5757
4817
23886
4771
5562
4750
4748
4748
4756
4770
4782
