Cycles
57041
5536
49632
32633
29262
5333
47900
5821
5042
51896
5432
30693
4853
33295
5789
34868
4786
4840
4853
40476
4866
39299
33106
38880
28866
5258
54983
52097
4750
32631
5423
4946
5740
4760
4754
5368
36372
5702
48440
5843
43768
29754
32404
4739
5979
34526
5949
55853
44211
5819
5625
5044
38096
56944
32288
55978
4756
51190
41430
4778
48372
37132
4679
4743
56946
54609
57041
34124
29326
38193
40144
30380
54275
20998
15650
30212
6180
53931
51599
55112
36303
34400
4711
47999
4718
5008
5264
4766
4798
38016
29249
5653
56683
5736
5437
5417
47777
6175
39010
48790
4763
49821
4741
44126
6004
4801
5832
35653
5508
48145
4932
5512
4741
5107
5411
39737
45914
33480
5685
4754
55270
43670
4957
52103
48295
47671
46404
4778
52391
6040
43470
29360
4836
6214
6884
5458
4726
4721
4755
44861
5896
49235
52064
5532
7107
48485
47343
39763
36858
48949
4750
36551
50793
56517
55721
31477
56795
4951
4708
31274
40200
45816
41876
38008
5465
5138
4765
4762
6268
4866
5221
5452
5424
4938
5851
32050
4777
4786
4776
4992
4698
4728
6201
4720
4911
6124
4713
5979
5830
6037
4778
5121
5467
5524
5137
6106
4806
5763
4733
51538
48805
4847
5187
55717
32439
46788
30482
4698
4769
5141
4999
17437
5392
5223
5654
45915
4741
4798
4840
54051
56476
4754
31333
5707
43016
56769
33871
48144
4741
4862
40377
4780
50814
4802
4927
41807
53886
50095
57058
4850
4748
43403
29686
56856
49527
31095
57434
4916
49826
4816
4763
4735
7044
47211
36305
46613
4789
54222
5579
34835
5033
43230
46361
4754
4765
4707
5277
5303
5575
6161
5348
46209
42067
37799
5041
5163
49576
49179
45319
39029
23645
6118
55761
51090
30274
35527
42950
5138
7627
5393
35893
55073
30644
56847
53868
56255
57328
40437
5841
5174
43185
46341
39946
49060
4713
5663
5018
6030
57947
52121
38358
44064
33579
4774
31648
38521
6268
5856
4765
5093
57962
30184
40170
5305
4884
37747
4772
5478
56375
6114
44563
45465
5223
7335
38199
5151
4782
25251
5450
4731
23600
4795
4767
5393
6067
55365
57052
4785
47671
4734
30004
55810
5670
4806
4791
5023
49859
24643
31597
466547
4787
4806
54790
30068
29875
54296
49795
50922
36765
452566
4802
50209
51035
48366
4908
5283
5400
4788
56262
4775
5793
37543
31309
51345
31891
55951
41679
35854
4743
54557
44302
6249
5547
49330
49531
38189
41948
54688
5660
4787
56665
33331
5938
41130
5898
14639
46579
468685
37795
4774
4746
53927
5400
5981
45470
12012
40083
43781
47653
4918
4826
42331
5482
4853
4760
53892
4755
41917
29935
5462
54817
36094
44314
37348
46407
35105
4770
29717
38695
33651
4802
53698
47099
45869
43468
35429
54149
46476
45615
5944
5872
4931
5938
4884
6043
36845
32983
4841
4893
10043
6151
24007
52407
31009
56523
53515
5680
36156
50404
42133
4698
42739
38897
52745
5056
4810
5747
5469
4772
4767
5137
4843
4743
4949
5258
5043
4740
4795
4765
4794
4767
4914
4791
5413
5655
4674
4796
4791
6236
4711
