Cycles
4789
5493
5324
4727
4828
5627
4806
5163
26344
4819
4808
4745
4791
4813
4943
4800
5660
4786
4804
4806
4799
5860
5651
4992
4742
5119
5903
5691
4750
5889
5929
5076
5718
4738
4773
6262
4779
4823
4767
4854
5847
4739
4888
5575
4968
4808
4754
5314
4957
6558
4791
6532
4804
4706
4816
4797
4787
4976
5269
4720
28326
4843
4837
4793
5782
4850
5605
6051
4985
5294
4805
5143
4805
4769
4770
5702
4958
4789
4787
5014
5218
6013
4808
5724
6329
4821
4750
5656
4764
4806
5515
4832
5206
4823
5673
4759
5322
6368
5953
4873
12872
6190
5307
4789
4806
4860
4772
4806
4767
5712
5327
4722
4759
4847
4994
5302
4802
4901
5132
5689
4815
4745
6495
4886
4752
4829
5279
4896
5405
4706
6029
4768
4786
5093
5792
5921
5037
4988
5406
4776
9357
4940
4787
4776
5071
4912
4875
5601
4785
5318
4808
4710
5444
4739
4795
4947
5283
4976
4808
4787
5941
4871
4799
5277
4769
4972
6012
5285
4802
5163
5054
4780
4852
4811
5355
5932
5219
4946
4812
5646
28417
5562
5617
4781
4983
5978
29345
4765
5355
5108
5571
4788
5811
4819
6033
6119
5283
5786
4813
5771
6210
5525
4797
29240
4856
5750
5490
4866
4783
6057
5203
5480
5026
4828
4778
29007
5836
5408
12421
4882
4813
5094
5052
4704
4961
5398
4783
4810
4994
6080
4708
4737
4859
4739
4791
4815
5538
5204
5172
4808
4790
4809
4806
4784
5860
5331
4877
4800
4787
5972
4801
5508
4750
4758
5072
4822
5625
6057
5631
6122
4836
4769
4772
5028
4903
5700
5356
4816
6074
5171
4794
4791
7614
5806
4803
5040
7003
4750
4823
5104
4765
5871
5217
5011
4802
5229
5104
5910
4810
4793
4906
5276
6490
6126
6014
4791
6548
5832
4811
4858
6337
4819
4758
4809
4853
5521
4724
30114
5410
29162
5117
5767
4784
5961
5330
5916
5259
5334
4983
7326
5061
5939
4957
4806
4743
5225
4918
4698
4797
5100
4977
6072
5588
5277
5327
4964
5558
4744
4815
4804
28804
4853
5158
4752
5750
4801
4793
6009
4772
4765
4813
5359
4962
4774
5050
4795
4930
4791
5280
4772
4724
4883
5849
5374
5234
4756
4787
4832
5554
5813
5862
4915
5778
5808
4810
5979
4985
7031
6717
4732
5948
4860
5270
4713
6031
4903
5807
4806
5159
5303
4693
6000
5197
5743
14699
5491
5814
4813
4800
4778
6175
6599
5529
4901
4800
5154
4907
4782
5907
7240
5853
5806
5091
5219
4795
5236
4916
5600
5974
4985
5018
54518
29905
37234
4752
5108
55946
40871
29862
4990
32519
27136
4882
26303
4977
4956
55397
47775
4795
28320
4794
5387
4817
6395
5802
4831
6129
4859
4821
5642
5027
32597
35506
37381
48293
29758
55497
5689
4756
4828
4806
5973
5638
4795
4811
41060
53873
5424
4741
6938
5720
4780
4964
35858
56508
4800
4789
53758
54250
29359
57489
33916
4789
