Cycles
38070
5731
4775
4991
6441
4838
4648
5476
5119
4631
4741
5691
5037
4987
5154
5871
5108
4795
4825
4806
22513
4821
6048
4979
5433
5515
4966
4785
4862
4787
4847
4852
5616
5270
4754
6120
4899
6048
4849
6064
5985
5177
4820
5744
5307
4728
5780
4814
5746
4803
4894
4782
30352
5584
24004
4817
5765
4796
4735
5049
4815
4958
5718
5467
4710
4823
4696
5415
5636
4789
4717
4703
4721
4785
4842
5015
4789
4975
4794
5402
4661
5581
4875
5390
4817
4806
4776
5813
4993
4656
4702
5151
5493
4791
5374
4825
5469
4640
4682
4800
4827
5900
5526
4812
4789
4813
4775
4781
4988
4842
23911
4828
4981
5122
5027
4796
4811
5432
5956
4819
5832
4910
29168
5795
5350
4685
4773
5294
6043
4843
5895
4953
5514
5251
5352
4810
28851
4791
28186
28320
4824
4801
5705
5079
5572
5897
5737
4778
4905
4778
4836
4870
4798
5646
5899
4791
5106
28318
5236
6115
5209
4784
5886
4771
4778
5490
4817
4756
5183
5443
6083
4797
4829
29364
5917
5421
4755
5635
5439
5153
4793
5877
4800
5400
4878
28399
5812
4860
4891
4779
5804
5442
5062
4860
4637
4920
7023
5426
5069
5711
5296
4867
5117
5184
4802
4754
4791
4828
5473
5877
5490
5958
4929
4724
5112
4810
4674
5411
4642
5226
5112
4791
5283
5594
4862
4878
4739
4816
4745
5022
6110
28435
4666
5450
5139
5409
4726
4800
4824
4895
6089
5767
4791
4713
5067
6089
5716
5735
5773
25151
4888
4709
5393
5322
4963
4862
5061
6154
4778
6101
5227
5830
4791
4819
5662
4824
4962
4797
5554
5923
431823
4864
5048
4958
4829
5995
5283
5221
5843
27941
4817
29689
5983
4696
4873
4785
4802
4857
6224
5890
4856
5180
4817
4782
5731
6220
5292
4772
5531
5513
5389
4811
6394
4804
5570
4864
4806
5286
5603
4925
4884
4955
4813
4860
4726
5195
5079
4880
4780
4868
4823
4888
5292
4660
5022
5930
4790
4858
4818
4836
4946
23803
4843
5731
4786
5951
4784
5950
4799
5465
5469
4816
5299
5482
4936
4791
4793
5906
5516
6037
4784
4812
5019
5882
5361
5144
5312
5901
4791
4959
4845
4810
5731
5061
5059
5102
4800
6460
6016
6130
4823
4806
4739
6144
6223
24881
4782
6098
23527
5294
28100
6186
4648
5601
4806
4818
4861
5013
5735
5368
4810
4850
5685
5275
6145
5234
4985
5389
5059
4653
5413
4757
4832
4880
5670
4778
4789
5923
4713
4773
4929
4787
4903
4841
5558
5404
4819
4854
24143
4649
4966
5282
5410
4804
6112
5538
5974
5237
4819
5242
4819
6007
5855
4847
5541
5307
6025
5590
4909
4653
4796
4795
4899
27765
4802
4646
4789
5514
5904
4821
4823
4661
5413
4778
4821
5249
5586
5492
5616
