Cycles
4806
4709
5536
4802
5426
5448
4839
5419
5943
4769
5639
5041
4823
4952
4809
5439
5974
5042
6212
4764
5740
5776
4890
4874
4817
4783
5353
5564
5340
5661
5263
4808
5469
6268
6113
5845
5061
5085
4821
4842
5543
4897
5084
6050
5118
4806
4784
4776
5193
5359
4946
5992
5333
5154
6733
5305
6050
5015
5701
6056
5419
5176
6219
6452
4752
5630
4845
6005
5666
4780
4791
4782
4884
4783
5392
6108
5553
6093
5929
5156
5588
4782
6947
6143
4793
4914
5192
5504
4796
6005
5074
4652
5396
5316
4954
4942
4782
4810
5804
4971
5986
6079
5516
5115
4987
5806
4771
5767
4808
5603
4786
5568
4929
5061
4815
5962
4970
5329
4815
4789
4791
4906
5172
6041
4802
4833
5365
5445
5169
4649
4696
5057
5455
5516
4858
5670
4800
6544
4936
6191
5503
5140
5731
5430
5960
4829
5560
5160
4811
6018
4645
4683
4762
4650
5154
5823
5741
4670
4774
5642
5868
4903
5046
5026
5638
5880
4930
5994
5039
5468
7195
4951
6035
4775
4804
5877
5076
6742
4832
5164
5373
4789
5891
4791
4782
5361
4826
5681
5439
6190
4685
4816
5556
5727
4824
4799
5635
4632
5905
6003
5037
4757
4780
5582
4784
5702
5363
4916
5112
4998
4758
5908
5204
4924
4974
4804
4634
5162
4787
4791
5545
4889
5610
5292
4782
4769
4778
6130
5018
4949
5221
4929
5083
4780
4805
6323
6076
4865
4754
4793
4966
4904
4780
5829
5270
5534
5540
5022
6288
4776
6247
6222
6266
4655
4780
4723
5778
5904
4886
4888
4829
5071
4650
4836
5863
4942
4856
5931
4804
5286
5065
4922
6005
5750
4770
5182
5283
4910
5150
4769
6190
4791
4793
5147
5598
4823
4951
4947
5598
4832
4865
5156
4827
5861
4742
6096
5549
4897
5224
5897
4878
4793
5352
4899
4770
6063
4638
4948
6059
6108
4803
5298
5722
6688
5435
5156
4793
5494
4825
4796
4826
4791
5441
4804
4770
4821
4763
5737
4834
4793
6672
6057
4921
5585
4650
4866
5544
4797
5714
5227
4827
6111
6153
4891
5889
6664
5017
5657
4952
5145
4924
6251
4849
4785
5748
4650
5064
5318
5999
4960
4921
5928
6270
4681
4747
5600
4951
4832
5335
6376
4758
5860
4769
5408
5387
5668
5402
5465
4790
4931
5410
4816
4951
5531
4935
5748
5147
4935
4912
4829
4785
4808
4845
4787
5234
4957
4893
4778
5048
4790
5588
4800
4975
4793
4963
6020
4834
4759
5748
5350
5964
5421
4795
4914
4899
5829
4893
5014
5670
6070
4670
5456
4822
4771
4842
5394
4858
5210
5348
5889
5638
4787
5843
4717
4903
5184
4806
5629
4825
5093
4803
5277
4955
6260
5599
4955
5417
4646
5629
5799
4909
4808
4998
5059
5729
13100
4925
5020
4916
5054
4817
4798
4937
5467
4765
5780
5798
4838
5278
5883
5637
5148
5262
5638
4787
4825
4821
8225
5086
4802
5792
4782
4817
4858
5421
5931
6076
6323
4774
4858
4946
4806
