Cycles
5589
5320
5247
4795
5344
4776
4871
6175
6650
4760
5305
4987
4809
4833
4769
5204
4784
6121
5646
5638
5115
4886
4790
5184
4951
5456
5844
4763
4884
5100
4782
5413
7687
4868
4790
4876
4807
4814
4826
6007
4873
5256
4786
4774
4758
5635
6506
4972
4994
4970
4859
4948
5670
4719
6171
5620
5582
4802
5806
4787
5236
4788
5334
5704
5301
5246
5967
4795
5023
4987
4761
5683
4772
5218
4844
5032
4921
5402
35218
6728
4791
4888
4772
4782
5170
24167
6102
5295
5157
5027
4795
5452
4821
5482
4879
4804
4841
4955
4750
4864
4912
4837
5400
7595
5009
5054
5966
4714
4902
6108
5590
5637
5452
5188
4936
6770
5495
4962
4886
4985
5794
4895
5326
4813
5579
5197
5203
11772
4901
4832
5748
6046
6521
5424
5983
5134
5890
5415
5621
6504
4962
4747
5145
5321
5886
5791
5080
4788
4698
5927
5240
4846
5040
4903
5778
4972
26847
6400
4864
5590
5562
5326
5381
4782
5854
4668
4799
5495
5850
4780
5479
4773
5268
5644
5210
4838
5276
4951
4942
5685
4968
5421
4797
5119
4872
5315
4978
5009
5225
5780
4734
5828
4709
4769
5385
4817
4822
5006
15757
5877
4800
5634
4858
5396
4769
5256
4776
5340
4956
4908
5113
4772
7342
4709
5734
4860
4966
4760
4780
4754
5951
28346
4793
4942
4759
4808
5384
5906
5388
4849
6004
5504
4731
5888
4752
4752
5605
4790
4774
4785
4774
4814
40250
4800
5169
5469
6182
5525
5227
5726
7467
4746
4957
5039
4802
5189
4761
4780
27847
28404
4760
26831
5010
4983
5802
4799
5761
4791
4785
5327
4668
4761
4806
6298
4729
4750
5989
4752
27952
4823
6236
4808
6367
4724
4771
4825
5655
5225
5483
5004
5235
4922
5420
4786
5711
4734
5720
4731
5475
4715
5984
5549
4796
5458
6031
5977
4726
6165
4800
4761
5819
5011
4704
6020
5035
5649
4914
5534
4707
4948
5985
5031
5208
5076
4776
4804
5789
6577
4949
5935
5391
5192
5282
5225
6048
4790
6060
6217
5774
5639
28475
4776
4771
4791
5499
4825
5069
4771
5844
5182
4799
5074
4760
4803
4887
4676
4674
5201
4755
5292
4819
4877
5383
28364
4818
4803
4771
4799
5750
4693
5439
4791
5636
4951
4918
6080
4765
6467
5379
4892
5159
5307
6156
4875
5795
5279
4696
5828
4933
5723
4789
5631
5653
5404
4808
4765
5607
4776
4781
4832
5644
27491
5824
5090
5240
4760
4767
4787
4882
4794
5608
4802
4793
4812
5795
4864
4780
5581
4778
4769
5886
4758
5510
5104
5262
4864
5892
4785
5534
5608
4769
5499
4961
6452
4793
4882
5735
5074
4787
5471
4791
16044
4800
4752
5607
5644
5660
5588
4758
4958
17993
4784
5276
6188
4789
4758
5871
5894
5590
5443
6001
4794
4763
4769
4975
4779
4713
4778
4869
5467
5145
4784
4845
6228
5985
5002
4806
5000
5030
4824
5911
5955
4851
4832
4784
4780
5809
5324
4780
4793
5016
4791
5042
5279
5264
4801
4972
4696
4795
4785
