Cycles
4786
4815
4685
5157
4908
4696
5465
6355
4737
5381
5344
5748
5727
4880
5408
5197
6558
5622
8279
5663
4772
5324
4801
4767
4804
4778
4787
4795
5752
4804
5031
4778
5422
4746
5990
4789
4809
4793
4794
4708
5655
5562
4855
5456
4747
4819
5554
4756
4797
4865
5240
4796
6698
4756
5389
4864
4816
4806
6227
4795
5611
5207
5862
5840
4937
5698
4763
4771
6694
5508
4765
4787
5601
4780
4985
4914
4794
5720
4771
5276
5823
4791
4762
6043
4691
4771
4767
4797
4823
4765
5201
4909
5113
5409
6403
5886
4972
5547
4765
4781
4821
4812
4672
5287
4813
5176
4804
5069
5219
5832
4809
8824
5172
5059
4789
5005
4793
4793
4791
4981
4756
4916
5182
4721
5035
4808
4817
5407
5364
4787
4755
4801
4998
5540
4905
4774
5400
9277
5644
4802
4763
5959
4785
4785
4972
5277
8889
5363
4739
4944
5912
4819
5327
4810
4880
6068
4804
4888
4886
4862
5821
5136
5992
7683
5259
5499
5175
5344
4761
4746
6364
4896
4793
4813
4790
6337
5746
6167
4838
4877
5435
5389
5166
5704
6058
4754
6207
4778
4800
6076
5987
4948
5623
4772
5676
5588
4839
5422
5806
5288
4795
5226
4797
4808
5050
6079
6528
4743
6070
4793
5313
4797
5009
5162
4803
4806
5953
5575
6020
5652
7748
5823
4953
4996
4791
5880
4790
6100
4746
4793
4774
4752
5086
5992
4839
4771
6134
4787
5683
4778
5149
4765
5018
5287
6359
4865
4795
5058
4884
5374
5797
5663
4811
4770
12477
4972
4780
4757
4811
4882
4799
5975
4800
5622
5841
4774
6062
4819
6205
4918
5949
4778
5184
5206
6057
5108
4977
5707
4894
5987
4808
5242
4789
6189
6489
4806
5346
4803
5341
5194
4983
4803
4821
4819
4867
6572
4761
4799
4802
4968
5203
4847
4755
5255
5044
5679
5251
4804
8221
5826
5991
4886
5940
6387
4795
4730
4983
5596
6977
4769
4769
4849
4773
5479
5082
6670
5767
5255
4708
4919
5393
4767
5601
5217
4809
4780
4778
4808
4871
5210
5692
4887
4970
4886
4793
4805
5663
6208
5666
4788
5324
5876
5926
4784
4802
5182
5694
7254
4968
4803
4918
5621
4805
4780
4869
5791
5693
5843
5100
5361
4933
4771
5752
5698
5653
4858
4882
5644
4767
4789
4796
4722
5768
4756
5775
4778
5521
4802
5239
4791
5966
6160
4806
7020
5533
4804
5935
5582
4817
6188
4718
4815
4795
4769
4737
5661
4897
5517
4877
4802
4763
5893
4798
4803
5424
4765
5864
4968
6245
4921
5673
4750
4826
5128
4967
5073
5229
13096
9833
5649
5841
4767
4795
4675
4771
5873
5094
5160
5035
5355
5647
5262
6048
5377
5927
6796
4759
6113
4883
5852
6737
5334
4710
4819
4827
5160
4798
4800
4795
5057
5919
4802
4780
4793
4788
4788
4765
4836
14641
4782
4791
5661
5774
4989
4772
4774
5371
5482
4880
4680
7267
4864
5804
5239
4803
4767
4730
5797
5086
4774
5644
4905
4793
4708
