Cycles
5542
5361
4948
4947
5153
4799
4800
4776
5277
5127
4999
4778
4866
4791
4963
5653
5045
4948
5419
4849
5093
9163
4813
4798
4977
5851
4940
15536
5173
4800
4955
5765
4789
5469
4796
4945
4914
5813
4796
4772
6122
5704
6549
5493
5424
4745
7056
4806
4936
4817
4918
4637
5088
4992
5359
4998
5607
4750
4985
5282
4862
5275
4815
4783
5059
5895
4774
5046
5545
4934
5977
5856
5456
4819
4808
4894
4687
6212
5860
5674
5529
5276
5746
5577
5261
5898
4801
5895
5271
4776
4795
5774
5763
4778
5095
6711
5139
6114
6016
4781
4819
5078
6154
4906
5220
4814
4769
5825
4801
4822
4986
4753
5614
4875
4860
5132
5746
4998
5664
5473
4793
5249
4806
4983
5678
4932
4938
4821
4635
4632
4944
4925
4810
4836
4769
4798
5033
4816
4955
5377
4886
5853
4855
4858
4942
6082
4830
4774
4771
5834
4893
4776
5124
4769
4765
11546
4834
5842
5527
4819
4851
4797
5381
5888
4828
4938
6166
5672
4747
4922
4903
4847
4929
5844
5739
5050
5644
5076
5759
5648
4819
4837
4999
4640
5165
4766
5481
5091
5850
4942
4845
6303
5279
4832
5105
5180
4776
4788
4823
5528
4950
5888
5530
5046
4791
4827
5277
4796
5724
4829
5897
5007
4822
4786
4774
4801
4772
4983
4630
4876
5288
5843
5119
5417
5668
4994
4817
4827
4834
4813
4793
6167
5947
4962
4717
4687
5219
4884
4806
5333
4817
6921
5672
4819
4644
5099
4813
5489
5103
4968
4808
4789
5371
7024
5819
4955
5122
4765
5143
5357
4856
4955
4862
4808
4843
4860
4866
6010
4764
5722
5661
6046
4849
5502
4816
4797
5621
6760
6017
5007
5396
5909
5446
5784
5115
6121
6834
4808
4820
5761
5986
4800
4744
5741
4864
4750
5087
4817
5391
5696
5249
4782
5841
4694
4994
6024
4634
4816
4802
4782
5925
5061
5756
6158
6045
4797
4814
4925
5653
12647
4808
4788
4783
5897
5245
5748
5465
4843
4944
5750
4766
4919
5449
5068
6003
5449
5897
5569
4806
4812
5662
6173
5973
4791
5715
4921
4925
5713
4952
5137
4917
4825
4776
6307
4841
4937
5344
6044
5958
5418
4834
4909
5363
5906
5765
4678
4912
5050
4832
4769
4775
5842
4815
5130
6230
5608
4841
4932
5627
4815
5115
4737
5324
6178
4789
5579
4815
4822
5599
5614
4804
4806
4950
4784
5536
4888
5618
6342
6309
6103
6007
4793
4785
4802
5510
5951
6949
4806
4702
4889
5620
5460
5997
5507
4782
5082
5754
4810
5043
4875
4826
4812
5212
4796
5211
5489
6491
5255
4925
5114
25392
6226
4988
4927
4813
5211
4972
5024
4621
4791
6152
4953
4822
4789
4882
5052
4776
5131
5236
4931
4810
4990
5009
5473
