Cycles
38979
31698
5004
58883
57260
41462
5691
40269
5003
5102
4915
5763
51169
4795
34556
33195
45790
57259
39305
30609
5973
56765
5802
49542
35860
36036
38092
49606
5117
31392
46881
5364
4765
35182
47712
5167
5538
4778
35046
37020
5892
5978
55711
35560
5595
52203
56502
43845
5461
4908
57375
5923
31195
5543
5143
44734
5002
45791
40449
45539
38065
31904
56588
5650
4783
57443
55443
31651
51497
25218
4891
4856
55233
5374
35493
4847
50326
31091
5040
4878
51618
4782
29039
29463
32565
33694
57693
31981
4847
37039
53279
5339
56623
35611
55551
5886
5611
4879
5803
4972
32871
31236
57827
49371
5220
4780
35327
52559
47099
5350
4903
52898
5796
33674
57426
35063
31182
34577
5050
31447
5834
37459
35486
43064
6036
53438
5897
31512
4755
6648
40092
4702
40547
42896
4905
5696
5789
52516
56469
31665
49443
4914
40667
45150
4773
31588
55628
5024
4890
41247
4758
4782
26443
4746
4778
30031
4939
4759
42416
34580
4773
34577
5549
37580
6264
4890
53918
50587
29312
26000
39982
4739
5871
29074
5646
4769
4968
53328
44195
45045
43392
34218
58425
26939
4752
4685
56379
4835
4736
51587
30369
31350
30374
5562
25192
33814
51416
35947
46460
30626
46427
45185
5474
5299
5271
5473
4814
5894
52004
35067
21073
5974
46321
55059
5935
4747
4729
4828
4762
50173
5716
4817
51939
48021
52933
6029
50788
4810
43975
4860
55861
6015
50961
46045
4734
40314
50864
5482
32910
5638
5918
5138
43494
32525
4782
48697
53655
44087
48606
35145
30197
24967
4771
45894
4798
5763
56963
31501
42830
5314
32307
43152
30769
51736
27193
43054
32679
4849
54235
30768
54832
41915
4767
5660
44400
14950
34916
4789
5575
4782
33277
4696
24023
45468
44048
35251
447658
5723
5542
5583
19017
31030
4837
30424
45796
5517
44980
32130
57882
39375
5025
30963
31557
57202
42004
34020
50663
41618
31009
45410
4757
37474
4814
43466
43716
55576
4927
17662
24786
5853
42377
21754
4733
5444
29037
57348
31805
29814
4759
4840
46434
35936
54869
4764
50145
5423
57420
44651
37761
31777
29860
4791
4783
50564
30942
5838
5048
38356
34900
52011
34316
34130
5348
55994
48998
51061
5754
44705
24086
37692
56782
31025
4813
4724
57313
4843
6367
42362
28581
47972
5456
5746
47811
4737
33856
44200
35582
56473
4794
35180
4782
4760
48655
5540
48269
5681
28071
31372
53657
5852
4955
44020
42284
6331
50883
56259
51515
5430
29918
55700
4748
29114
36910
9586
49386
49078
45144
29811
29723
50207
36535
6178
50764
5895
4910
5329
43142
5694
56119
57379
55875
45096
5758
4888
31603
5212
46503
45543
6273
35633
29712
4759
39763
4746
47561
5990
5860
5324
4782
4724
5903
5598
4836
5977
5698
4700
4760
6061
4977
4826
4774
5020
4923
4747
30719
5468
6042
6080
4845
5995
5301
4762
33722
29189
51974
49361
58340
4704
4728
43027
4985
4905
5673
41249
38857
29296
5417
5653
16042
446724
4882
50213
32443
53714
4754
35443
5618
45954
52762
24291
30158
50483
57750
29637
5754
