Cycles
34937
49566
58497
42578
4726
33510
47287
54922
46097
56227
54948
6191
42913
6091
5173
54797
48555
5200
36558
51631
30113
5216
4939
5941
50682
41927
4828
55172
29160
6221
4823
41797
4789
50881
35817
5893
36802
5882
4836
39416
48067
5246
5549
470050
50148
57565
37646
34498
49842
53892
53046
17075
36081
463942
36072
5411
4836
4764
28273
51883
44237
4872
5795
42193
57128
4872
43740
52961
29527
53033
5789
57084
29240
56841
4766
56281
4892
50354
4790
35509
30733
46397
57575
53398
32905
4782
51156
31067
6711
39783
5353
51080
38586
34772
51334
32946
45207
5011
46274
31676
37141
4773
4766
47354
5499
4739
14390
57148
5163
6117
5780
5849
48207
29944
4994
33826
6393
4847
5067
58916
33970
59968
33704
56670
5534
34424
44107
453008
4800
4950
5264
36686
31529
57106
4770
5317
54966
28929
4754
30721
48589
51083
434649
6111
6043
56810
30140
55575
56011
5696
51464
52369
4793
4765
5034
39105
56543
30501
45595
5112
6027
4774
56728
5976
36096
5363
42295
4795
49088
9420
5401
36481
34430
56103
38340
5789
56120
9040
4720
33678
4979
4795
55348
31199
55873
55669
25423
7918
34342
58186
30703
58341
26307
48970
34603
4933
38692
46873
429898
5785
31519
58290
58752
56045
30899
4701
5126
4860
57443
33949
54229
55834
13521
4866
6625
58156
58698
58806
31454
4698
4802
57073
57372
31215
59197
440203
5456
5050
39903
56095
4776
15198
5525
4851
57674
30994
58601
56227
4837
4819
48559
57438
4931
5798
34256
5664
50536
39862
10699
5724
38215
46423
4688
54719
55324
5584
4864
5675
5070
50437
36819
30241
39593
56014
52090
43297
42604
4748
4977
5205
5432
47654
57709
5695
39910
4682
4791
28760
4914
5164
30646
58778
58763
58773
55651
47548
29971
53837
8774
4780
44086
5110
5858
56503
56899
58876
52010
4777
4803
36115
41977
5858
5409
54183
5352
4793
5886
45185
31013
57136
46656
46308
52969
4760
34172
32553
38335
4806
37184
4957
4839
39870
4943
5270
5313
5897
57052
29631
5700
32696
4886
55115
45103
46336
43332
4819
4769
56659
58145
28845
51795
44894
4679
34610
31894
51870
30662
40960
7640
5376
4783
53692
5601
466560
45107
35446
41250
37899
32700
5241
4790
5156
29710
56868
51000
6038
38416
35357
45782
4787
56508
5145
42003
4939
42949
44489
4767
6013
34569
4761
42838
30051
29782
33737
56560
5532
40310
5340
5953
44009
5472
4769
39493
5901
5046
29121
48633
5367
55143
41431
26509
4821
28957
52471
39716
32839
8374
49529
32968
5502
36944
55853
30877
5428
43765
31811
57261
7161
4780
4888
6132
5633
4780
4999
5338
4838
4813
4775
5054
45682
29881
50477
5274
4778
5742
53887
59275
36370
58312
37258
54250
58648
54773
37986
5279
4894
49384
32845
4718
42835
40941
5942
36696
57796
58300
29500
26450
5965
5199
59326
55945
53382
5797
41328
48705
5543
50902
5895
4873
49689
54726
33176
5690
4772
24698
39240
46349
467921
39448
5834
56324
5793
39862
