Cycles
5556
4780
4817
5365
5037
5899
4865
4767
4884
5304
25038
4752
4877
4789
5719
5105
4851
6644
4871
4793
4756
4882
4722
4961
4767
4758
4744
5346
4761
5130
6295
4715
5732
4797
4795
4834
4726
5912
5484
4776
4749
5719
5527
5111
4773
4765
4918
5411
4750
27703
4813
5748
7539
5469
4812
5082
24983
4737
4970
4722
6014
6480
4750
4806
5175
4748
5277
4743
4899
4793
4795
4733
5341
5653
4735
5132
6055
4806
5601
4763
5212
5303
5911
4850
5963
5846
6119
5732
23851
5693
5856
5994
4806
5221
5452
4741
6024
4810
6115
5676
5994
5262
24844
5718
4769
6726
5003
5016
5324
5089
6007
5666
5508
5765
4845
5566
6149
5359
6024
5685
5186
5722
5647
4858
5669
4796
5193
5575
5525
5392
4787
4801
6887
4868
23905
4732
5333
4863
4780
4778
5459
4808
4921
5497
4881
4802
4877
5686
24456
5093
4799
5112
5678
5846
4853
4994
4791
5311
4771
4842
4810
4911
4783
5938
5529
4832
4847
5931
5778
5082
4847
4765
5058
5003
4761
4752
5647
4907
4765
4682
5973
6169
5115
4762
5506
6092
4732
4810
5545
4734
4752
5163
4878
4748
5154
5221
5393
4713
5715
4802
5258
4746
5260
4929
5415
4935
4880
5138
5407
24845
34237
5848
4772
5461
4737
4752
4758
4756
4825
6035
4776
6122
5243
4970
4758
4771
6041
5296
6095
5966
4780
5329
5676
24274
4900
4788
4787
5193
5391
4774
4858
4974
4782
5750
6599
4782
5277
4769
4998
4882
25234
4909
4739
5805
4911
5927
6057
6122
5368
4763
4758
4788
5459
6203
4745
4886
4953
5879
5707
4783
4763
6074
4784
5830
6154
4806
4935
6757
6039
5314
5886
4693
6925
4730
4739
5316
5907
4915
4720
5830
4968
5689
6072
4959
5797
5601
5994
4845
5718
7032
5061
4739
5146
4709
4808
4901
4695
4901
4825
5406
5665
4955
4800
4925
6212
5396
4729
4756
4768
4927
6169
4762
4773
5761
4826
4821
4778
5128
5994
4752
5942
4914
5903
5603
7177
5007
4760
4745
4739
6171
4739
5217
5287
5322
23791
5540
6138
4778
4780
5031
4869
4787
4761
4769
4754
4793
4763
5996
4885
4776
4964
5934
5895
5257
5175
5073
6377
5741
4773
4808
4786
5884
4862
5286
4792
5570
5519
5208
4776
4886
5111
5942
4840
4786
4847
5099
6741
4769
5517
4857
5430
5029
5326
5102
5752
4761
4778
4804
4843
5489
5210
4923
4782
6079
4927
9173
4752
4769
6032
4757
4945
4814
11971
4882
5631
4760
4782
5199
4888
5099
4957
4873
5461
4742
4787
5514
6143
5208
4874
4754
4732
4786
6485
5443
4767
6113
4836
5061
4737
6990
4748
4828
5514
4771
5765
5033
5344
5333
4768
4786
5898
6353
5221
5586
4737
7160
4951
5288
4808
5353
6219
5033
4713
4979
5451
5179
5223
4715
5421
5575
