Cycles
34763
5859
5668
4724
4910
5236
4821
5686
4793
5579
5119
4653
4862
5405
4816
4808
4799
5925
4866
5977
5253
5353
5352
4841
4927
5786
4871
5888
4960
4918
5104
4847
4814
5068
4851
4950
5294
4764
5125
5404
4819
6126
5452
5767
9500
4901
5315
4648
5366
4957
4832
5120
4905
5752
4784
4833
4797
4834
5193
5892
4961
4806
6463
5748
4806
4791
5893
5105
4832
6200
5107
4763
4813
5339
5889
4819
4676
5368
4783
5353
5794
5426
4905
4810
4772
4875
4789
4799
5227
6197
4910
5633
4785
5694
5110
4808
4871
4694
4799
4972
5506
4904
5042
5498
4801
4804
4771
5030
5852
4873
4909
5225
5608
5324
4806
4841
5880
40334
5620
27298
4787
5526
4804
4920
4783
5838
4894
6041
5709
6210
5031
5843
4854
4815
4795
4965
5368
5365
4810
4834
6075
5856
5732
5368
5622
4631
5945
4880
6022
5312
5807
4761
4888
4819
5551
5880
5683
4832
5377
4651
5467
5184
5065
6076
6184
4804
4996
4720
5100
4756
5474
21785
5269
5445
4804
4972
5443
4787
4907
5601
4797
4927
5065
4779
4772
5685
4815
5992
4815
4808
4799
5635
5981
4796
4797
4784
14703
4834
5323
5180
4786
6909
4810
5592
5245
5543
4794
5589
4813
5724
5292
4778
5018
5543
4808
5243
5242
4781
5869
6149
4756
4821
5177
5210
4842
4784
5079
4912
4990
5456
5037
4808
4906
4774
4822
4822
4851
5154
4979
4784
5460
5841
4886
4766
5678
5650
5631
5268
6059
5817
4916
6017
4702
5078
4897
4782
4892
6790
5811
4853
4653
5934
5357
5548
5469
5722
5562
5165
5503
5391
5838
4640
6175
5147
5914
5454
5009
4823
5642
5357
6063
4808
5901
6034
6095
5059
5452
4856
4800
4878
5139
5502
5424
6713
4801
5028
5761
5329
5063
5793
5320
5558
5171
5229
4795
5701
5748
5744
4774
5067
4804
4799
4814
4780
5162
5532
5970
24894
4886
5877
4953
4830
5415
4726
5109
5847
5080
5754
5024
4821
4871
6275
4785
9746
5095
6139
4776
4731
4985
5723
4938
4827
4785
5164
5005
5180
5304
4773
4904
5242
5561
4669
5031
5199
5537
5938
4931
6176
4939
4806
5992
5880
5794
5368
4786
4851
5142
4951
4801
5709
4936
5016
6111
4797
5085
4794
4867
4897
4782
24656
7568
6137
4979
4929
6166
6316
4901
4864
5669
5518
4857
5844
4932
5486
5188
4809
6044
4946
6195
29832
5741
4927
5994
5028
4632
6555
4808
5057
4668
5030
5214
4791
5136
4797
4828
5007
5148
5024
4819
4801
4973
4786
4796
4810
5329
4931
6038
4830
5041
4891
4921
4757
4611
5745
6138
6357
6188
4793
4826
4832
16383
4817
4673
4903
4827
4791
4940
5028
5825
5015
4966
4884
4767
4947
5476
4802
4829
4880
4817
5584
5899
4892
5456
21337
5052
4795
4750
5938
5048
4839
4808
4892
4961
7070
4955
4843
4703
4800
4803
5672
4877
6343
6091
4830
4652
4892
5543
