Cycles
38628
5378
4775
5648
4768
4797
5573
4798
5351
5003
5329
4784
5687
4799
5443
5966
4761
4802
4789
4804
4720
5983
4791
4771
5821
6022
4769
4789
5282
6260
5062
5696
4809
5189
5638
5334
4765
5020
5070
4778
4748
4805
6731
5660
4988
5968
5120
6532
5667
4758
4722
5355
5713
4685
4776
4765
5025
5554
6048
4903
4903
4950
6372
5944
6000
5584
5703
5673
5968
4894
4786
4773
4810
4843
4787
6452
4957
4819
4776
5361
4793
4901
4762
5875
4798
7236
5106
5372
5573
5126
4773
5199
4769
4754
5911
4733
5651
5592
4767
4897
5033
4707
7446
4796
5235
5936
6009
4849
28527
4748
5095
4813
4816
4908
5218
4832
5155
5042
5566
4790
4869
4815
4821
4786
5936
4783
5007
4750
4752
5072
4950
4964
4821
28085
4762
4793
4786
4788
27166
4772
6269
4814
4830
5659
5009
5804
4816
6173
5149
4798
4842
6003
5095
4778
28149
29386
7289
5545
5908
5998
4791
4793
5473
4799
6036
6231
4884
4778
4851
5940
4799
5275
4811
4771
4793
4750
5657
6142
4955
4773
5130
4906
4789
4773
4806
4788
5625
4769
28078
5059
5724
4804
4827
4856
4793
4795
5097
4761
4787
5371
4793
5052
5817
5143
4779
4823
4783
6164
5652
29707
5689
6111
6055
5763
4767
5380
5076
4786
9428
5286
4748
5498
7938
5889
5475
4778
5281
5538
4806
4779
5256
5715
4776
5394
5354
4817
5922
5864
4765
4743
4763
4791
4778
5599
4964
4853
4707
6630
5901
5835
4772
5359
6413
5601
4729
4785
6156
5028
4744
5429
5274
4765
4953
4750
4760
4936
5009
4897
4765
4773
5012
5225
5083
28920
4987
4955
5115
4765
4760
4722
4918
4854
4815
4843
4776
4867
11754
4769
4776
5172
5862
4735
5001
4761
4786
4765
5959
4947
5109
4860
4989
4895
4766
4710
5115
5761
6113
4964
5428
5672
4780
4825
5303
4770
4840
4901
6158
5363
4769
4927
4849
6443
4916
28665
4765
5481
4810
5001
9229
6054
4885
4991
4972
4972
5490
5015
6408
4947
4771
5595
4920
5737
4700
4780
4781
4795
4814
5589
4782
4801
5480
6022
5640
5300
5104
5594
5048
5465
4877
5724
4965
4802
4780
4879
4819
4711
5616
5626
5728
6069
5812
4825
5424
4724
5080
4902
5858
5724
4860
4794
6934
5109
4940
5154
4881
5045
4787
5039
4817
4783
5079
5280
6244
4787
4776
4953
5957
4934
4787
27994
4724
4741
4765
5506
4784
5216
4779
4761
4769
5102
6563
6233
4903
6035
28708
4812
5688
4775
4868
5601
5163
5146
6158
4949
6568
4729
4761
5054
5290
5382
4908
5324
4802
5326
5931
4817
5376
4780
5798
4769
4817
5816
4772
4765
5129
4767
4778
4830
4730
5305
6130
5408
4828
5918
5299
5866
4813
4994
5634
6895
4797
4756
6028
5536
4822
5301
5696
4812
5849
28985
4781
4912
5403
6350
28483
5536
4808
5443
