Cycles
11100
4934
8186
58724
4918
11381
4821
14368
54806
57623
29635
55553
33990
44127
34901
48143
26737
49624
33063
56728
31220
29253
24991
4775
5364
31318
55942
30711
54678
31368
31428
47818
28892
56342
55030
39748
15116
6212
29655
47082
56498
46353
34714
57951
48475
4743
4839
4804
4796
49201
41825
4737
44695
4801
5392
7650
5043
14743
4860
37660
29112
55380
5303
4788
58221
53764
4875
34625
41497
34944
29849
46213
51830
34938
45985
37963
49719
45990
5383
6204
35783
4769
5672
38152
44788
23773
11582
4791
5394
5549
4778
4797
46245
4954
5150
6497
5045
4923
43757
4772
6190
4943
4863
4761
5714
4794
39990
29195
56529
57925
30901
4774
4757
4815
4921
30368
57907
57501
29448
46094
5285
41764
46956
6696
4795
13053
6303
37366
58704
56263
4784
5851
4763
31128
48499
59359
56352
34522
4825
44600
52553
34670
6769
5856
4754
4787
4784
5692
50416
7247
5348
12083
29184
5908
5197
44222
30990
35046
51513
5370
5074
5424
56664
5346
6008
4897
6532
42107
45759
5700
38279
5653
53815
4879
4819
53535
55473
5990
6755
8612
4777
45727
52512
44419
5688
4731
54307
6536
51604
5746
39210
4829
54167
32175
34072
56339
5344
4826
13124
5292
39079
30049
31596
4877
4821
55854
39001
5326
5417
4819
43243
4819
8196
5361
11388
4834
37979
56623
4776
5283
6063
57370
31938
58763
58709
37872
55110
4765
34364
4733
4770
6465
4790
4790
16755
44764
4813
5871
38658
44289
4698
54030
5789
4702
6525
42984
4751
37206
32337
56866
32280
4949
4810
4769
4908
4755
48845
6117
4769
57636
50011
51913
33826
53011
4807
50295
29920
4728
28933
6120
4722
42016
4837
4681
48312
4832
32732
5125
5929
45606
40153
33074
10662
38357
36405
4910
5696
4816
42268
4795
4763
49377
47440
4800
42072
4837
4810
4901
4755
5197
37396
37196
4921
39073
5149
4819
34078
5305
28902
38435
4896
4802
52052
5994
37703
4917
55255
53976
4951
4794
57833
4784
4741
56705
4756
4747
28147
4765
49738
30179
4970
4763
53551
29056
46280
30633
4839
5681
40398
46681
41446
4984
5744
4765
5120
4799
44388
4785
51374
52868
5011
47749
5102
4976
5834
4819
5794
4972
47087
5797
4754
4784
37060
33452
4923
38833
5916
5258
56970
53129
58211
5318
4797
5860
54212
57586
36862
52721
28265
48498
32634
31161
4750
5929
5030
49185
5016
4776
4838
7629
54278
55506
5505
51274
57644
4759
51492
6421
5914
4783
29648
4764
5741
57977
32284
4888
30145
33486
56365
5035
54674
35642
26968
6061
5005
5441
6011
4784
5886
57968
57474
5181
29933
32132
33314
30136
56970
44959
4784
6096
5607
6653
5691
5756
28287
4806
4771
6331
5189
4967
4767
5596
5592
4910
6234
6142
5835
5888
5904
5808
4768
4741
4795
4782
6167
4832
5210
4923
4866
5424
6190
5696
5389
5965
5871
4750
4784
4924
5553
6098
4767
4813
4862
4737
5614
5575
4936
5361
5255
5382
5151
4788
4791
4912
6035
6065
4953
4786
4783
4767
5069
4987
4769
4788
4970
4702
4698
4776
4737
8186
