Cycles
4955
5056
6098
4906
5083
6078
4776
4866
4806
5043
5158
5350
5016
5864
4997
5616
4832
5911
5564
4891
5302
5582
5117
5160
5361
4860
4635
4797
5536
4965
5446
5405
5661
4808
5761
5804
6097
5929
4897
4798
6041
4771
5729
5884
5511
5722
5074
4797
5053
5516
4810
5161
4774
4881
5043
6067
5850
13921
5292
5316
5080
4899
5653
5484
4940
5506
4784
5972
4780
4985
5080
6007
4793
6007
4944
6047
4884
4847
5037
5193
4895
4979
4766
4837
4959
5350
4726
5140
5289
4810
4932
4726
4668
4784
4795
5998
5065
5263
5087
5538
4812
4795
5014
5136
4944
5345
5316
4875
7174
4824
4953
4935
5834
6030
5603
5971
5878
4806
6111
5575
6031
5588
4700
5479
5059
4903
6000
6029
5069
5469
5197
5664
4834
5461
4864
5594
6327
4911
5402
4961
5890
5761
5376
5776
5921
4786
5443
4635
4931
5449
4903
4873
5806
4856
4827
5161
6994
5616
5749
4880
4912
4848
5150
6020
10640
6255
4796
4819
5699
4944
5349
4892
4832
5871
4749
5344
4880
4839
5383
5642
5896
5629
4934
5281
5376
5959
5420
4804
6627
4799
4830
4817
5272
5333
5456
5605
4951
4871
5511
4802
4899
4883
4800
4815
5270
4975
4814
4896
5152
4810
5236
6979
4681
4776
4925
5368
4635
5800
4800
6065
4813
5867
5871
6081
5194
10042
4774
5199
5203
5907
5367
5072
5776
4777
4804
4791
5411
4789
4819
5954
5355
5168
4815
5816
5299
4780
4737
4865
4787
5717
4735
4808
4888
5158
4803
4759
5178
5821
9675
5843
4791
6137
4894
5785
5037
4789
4654
4791
5224
4964
5037
5087
5815
6041
4922
5557
5000
4819
5859
5402
4793
5040
5290
4747
5914
4905
5839
5549
5557
6487
5543
4973
5897
4951
4955
4782
5955
4955
5037
5017
5335
5228
5697
4941
4958
5337
5951
5621
5101
4817
4851
4880
5137
5609
4692
5016
5095
5173
5543
5328
5327
4799
4701
4728
5128
5706
4962
8158
4756
6212
5070
4759
5139
4830
6084
5072
4789
4788
5428
4795
4925
4812
5851
5568
4802
5211
4867
4744
5616
4746
4798
5130
4957
7180
4774
4799
6089
4852
4787
4955
5136
5038
4825
5286
4812
5839
4823
4707
5260
4914
4951
5501
5491
4773
4821
4775
4795
5873
4784
4804
4808
4815
5285
4953
4855
4795
4823
4780
4897
5954
4797
4979
4772
5532
5076
4812
5361
5910
6017
5069
4940
4720
5318
5903
5015
5876
4676
5756
5328
6050
5100
5186
5201
5933
4890
4996
4953
5404
5314
5029
5446
6093
5583
6071
5436
5089
5063
4822
5440
5683
4955
5737
4793
4789
4886
4696
6305
5005
5780
4817
5711
4810
4822
6081
4787
4763
5313
4808
5074
4979
5070
4759
5554
5085
6134
5187
6052
4847
6203
5493
5075
5091
4834
5493
4793
4780
5337
4789
4737
6067
4955
