Cycles
5000
4781
4786
42249
35664
4778
6191
4828
54787
5634
48530
36083
32164
5310
40683
47832
4638
4682
5031
4795
39337
56630
18468
4997
4949
34083
6001
5158
31458
5194
26733
34431
31823
4791
51460
55083
4917
44554
4815
5357
30845
4849
5713
57072
4682
46858
39826
4809
4811
54795
58499
56966
4886
5566
5922
45540
46460
4783
30919
31689
46682
52186
4806
5013
4793
4871
4806
55849
4978
5169
5078
4677
4834
5028
4763
4771
6171
50522
59361
32037
29002
25947
5279
39632
31712
40597
4739
34707
29961
50993
5320
5907
4847
5219
24676
5479
31138
5774
4665
4779
4767
44627
4758
4773
5268
4916
25117
38973
37373
55702
38500
4776
5683
5929
52486
24642
4752
5443
30370
4670
4782
47784
4679
4933
4772
4806
42737
24136
4809
38290
4776
4800
25119
4793
5862
56043
5497
6050
56944
4796
34525
30925
5454
5469
4806
31741
54093
4778
43522
49667
30770
29967
5307
47393
33470
46328
4777
54276
49281
5256
40122
4785
5921
5311
4929
4799
56674
4802
54372
44366
41193
4992
40943
4800
24931
38647
39338
48142
5942
40874
4789
5305
4806
5287
4715
56743
53851
52080
4836
4736
46382
5776
4780
4776
4763
4882
5824
4839
5683
4771
5609
49851
4782
34934
4897
4814
4793
4960
6098
4735
5376
5434
17457
5858
49706
56027
4770
40926
37095
34938
5990
56575
54626
45598
33703
45437
40725
4927
4797
4693
4938
4808
54165
33015
54704
33223
6884
53084
4819
5992
46573
4817
5629
4793
24774
36271
56894
29834
30946
53689
4816
40595
4773
53276
34582
50756
44377
4869
43051
45748
30748
4847
24210
40576
4946
4770
5334
50852
50263
42615
5601
29575
45113
4784
4847
23367
4693
43388
43632
48494
4802
46595
25130
4661
54301
4912
58313
33557
33096
30304
36428
33292
47423
35411
41332
5372
4679
5443
5074
53203
33956
58532
34738
29916
5039
5074
4777
33219
4689
4767
4771
49155
4933
4780
36653
51296
25765
6488
4780
60160
4797
24188
4797
56890
56888
33214
29679
35013
42481
43731
29905
47939
58417
4767
4746
21109
4841
4780
4778
5345
4795
52642
57787
56856
29725
4810
5809
56821
5569
34262
33502
35170
57391
30492
38476
43422
35448
6363
4773
30092
4748
5826
4786
47939
48961
5158
33631
5962
5986
4796
40072
4907
4774
35199
6171
4804
57139
54784
5819
4730
6076
4750
23920
4741
56720
30892
47299
41303
4820
5197
4776
47704
36221
5070
4773
29859
43107
4769
57298
30588
4791
6634
53924
30108
4824
4897
4773
38740
29912
47470
4808
37639
14798
38577
33813
4808
5543
5134
4696
44952
55490
43793
26304
5777
41583
23372
4810
5469
5370
24829
52185
57398
48074
5829
54451
36860
5006
39072
52862
4850
4810
24115
5065
5346
27776
5845
4756
31495
33824
34600
33620
5106
4851
52388
30113
24023
23566
48997
50469
32715
36590
5733
5063
4850
4750
4778
4689
5443
4693
4776
5287
5268
4871
