Cycles
34925
4839
4853
6326
4792
4795
5503
4943
4819
5022
5685
5201
4663
4751
4797
5152
4810
4864
4805
4750
5798
4825
5832
5827
5873
5486
4809
6050
5568
6068
4813
4675
5707
4703
4990
6105
6258
5570
4795
5089
4806
5379
4676
4974
4815
4799
5383
6035
4845
4806
5316
4871
5828
4964
5688
5080
4964
5478
5467
5022
4820
4735
5140
4815
5076
4815
5815
5311
6257
4791
6238
4819
6193
4875
4893
4808
5084
4788
5752
5167
4909
5080
4962
5031
4823
5748
6054
4775
5766
4841
5383
4788
4819
4811
5421
4823
4981
4628
5282
4850
4784
5176
4788
4963
4795
5024
5419
5670
5137
5474
5891
4940
5650
5184
14560
4904
6338
5389
4837
4633
4667
4845
4792
4944
5498
6014
4817
5945
4699
4737
5744
4825
4875
5043
5432
4780
5759
5279
24110
4663
4787
4795
6104
23753
4791
6014
6059
5080
5218
4745
4821
5279
4821
4925
4653
5212
4786
4860
4888
5320
5744
4765
4838
7542
4815
5007
4681
4994
4953
4726
5072
7884
6083
4923
5255
5395
4949
5102
6106
4899
5866
5467
4797
4827
6720
4718
6921
4953
4802
5634
5147
4700
4918
5008
5291
5039
5592
5903
5717
5772
4799
5323
4832
6500
4817
4841
5843
4761
5062
4928
6139
4775
5093
4986
4889
5592
4774
5161
5124
5907
5156
5830
5874
4785
4881
5545
5007
4782
4927
6412
4829
5811
4909
5179
5601
6335
4791
4679
5770
4914
5542
5084
5089
5134
4998
5016
4793
6228
5352
5860
6050
5014
4804
5227
5919
4838
4808
5047
4616
4834
18807
4968
5891
5583
4824
5055
5085
11841
5862
6195
5814
4650
5558
4652
5001
4665
4894
4726
5659
4808
5227
4927
4785
5744
5361
5763
5441
5022
4812
4867
4811
5817
6528
5895
5149
5852
4793
5126
4790
4905
5605
5186
4853
4828
4795
4947
5230
4747
6070
4977
5756
4627
4834
4818
4793
5489
4888
5808
4936
6364
4817
5312
4931
4860
4961
4806
4785
4769
4933
5387
4826
4819
4804
5840
4843
5385
5473
5344
5912
4875
5489
4962
4946
5957
5899
5018
5713
4787
5117
5649
5376
6193
4799
4983
4922
5823
4847
4800
4804
4773
4802
4789
4793
6532
4992
4708
4786
6063
4806
5149
5886
4787
5979
6258
4788
5073
5978
5718
5323
5268
4783
6089
4963
4770
5212
5711
4793
5599
4801
4806
5885
5920
6504
4999
5314
5184
6225
5240
4826
5247
4821
5072
5033
4899
5491
4895
5932
4816
4797
4823
4914
5105
6065
4676
5916
4801
4752
5129
4894
5638
5754
4763
4821
4907
4992
5819
4903
4855
4657
4769
4804
5095
4789
5338
4800
6089
5259
5823
5696
5497
4679
4843
5506
4817
5910
5715
4926
6158
25838
5473
5438
4716
5566
5754
5514
5534
4771
5860
4783
4783
5087
5266
5825
6174
4793
4925
5954
4659
5437
4996
5658
5268
5923
4916
5680
5382
4802
4692
24691
5022
5625
5218
5387
4670
4890
5517
7311
5913
4649
4819
4633
4800
5678
5456
4733
4878
4826
4804
5296
5268
