Cycles
6136
6007
7314
5430
4795
4791
5970
5709
5761
4812
5287
4773
4740
4700
5120
4866
4970
5391
6072
4672
4819
5404
4765
5391
4787
5057
4797
6288
4851
6007
4799
5717
4819
5247
4894
4774
5370
5670
6027
6083
5598
5534
5458
5406
5174
4795
6016
5219
5435
4814
6054
4817
4799
4811
4899
5795
5714
4709
5855
4994
5000
4769
6460
4763
4895
6098
4885
5728
5279
4816
6093
5461
4819
5843
4766
5955
5942
6029
4721
4856
5078
4836
5041
5568
4728
4846
4854
4708
6010
4815
4784
4825
5607
4843
5329
6759
4815
5652
4964
5745
5644
5139
4789
4907
6136
5072
4789
5001
4803
6640
4893
4890
5299
4830
5633
4914
5243
5958
6069
4819
4929
4875
4684
4966
5305
6333
6074
4886
4646
4657
5875
5810
5352
5072
4816
4796
5259
5601
6085
5203
4806
4769
4845
5688
4819
4825
4809
4791
5782
4737
5320
4810
4860
4760
4812
4828
4779
5868
5938
4776
4821
5738
4877
5530
5815
4743
5055
4940
4916
4822
5845
6126
5813
4830
4765
4839
4655
4938
4799
5219
5687
4888
4815
5035
5435
4817
5925
5525
5430
5435
4852
5912
5201
4795
4785
4767
4800
5536
5844
5196
4784
4728
4787
4825
4979
4830
5133
4832
4785
4858
6231
6045
6702
6068
4811
6066
4865
4854
5400
5410
6298
5400
6026
4789
5187
5086
5778
5337
4795
6000
5983
4800
6033
6104
4838
5793
6523
5532
5724
5904
5640
5001
5521
5026
4790
6102
7085
4808
4811
4882
4839
4808
5335
4800
4772
5385
4811
5855
4863
4797
6048
4844
4803
4997
5208
5681
6184
4763
4800
6381
4808
4769
4796
5415
4845
5422
4730
4890
4791
4800
5916
4784
5553
5396
4813
4790
5668
5594
4986
4800
5529
4793
4702
6659
4797
5575
5991
4925
4838
5900
5754
5503
4784
4677
6128
5976
4828
5178
5709
4759
4910
5795
4841
4938
6078
6106
6040
4829
4923
4778
5261
4773
4793
4754
4760
5774
4769
5424
4822
4655
4802
5869
5244
4802
5095
5203
4782
5700
5291
4741
4821
5806
4831
4793
5389
5042
5001
4763
4717
5739
5545
5801
5214
4994
4806
4799
4834
5714
4767
5771
5257
4783
4812
5643
4674
4813
5674
4816
4821
4955
5335
5431
5352
4860
4796
5257
5299
4780
4870
4816
5115
4813
4724
4758
6124
5841
4786
4977
5374
6193
4972
5620
5756
4860
5276
5104
4856
4819
4966
4772
8432
5893
4666
4795
5830
5096
4795
6059
5273
4883
5685
4767
4947
5054
6037
5560
4947
6039
4797
5641
4787
5701
6303
5636
4778
5488
4830
4809
5288
4793
5532
4881
4998
5625
5385
5015
4748
5296
4883
5096
5352
4955
4717
4773
5668
5385
5532
6298
4865
5912
4821
4789
5670
4765
5761
