Cycles
4802
4760
5486
4770
4728
5512
5856
5751
5126
4812
4830
4765
4804
5890
5307
5743
4827
4746
4758
4918
5850
4759
4783
6083
5073
4825
6176
5211
4715
5039
4754
5967
5759
4845
4764
5744
4797
5720
4770
4808
5363
5759
4955
4815
4832
4739
4775
4785
5053
4752
4813
4868
4726
5985
5816
4698
4810
6152
4799
5568
5594
6679
5413
5046
5532
6104
4767
4774
4762
4924
4894
4780
4821
5774
4795
4928
6148
5413
5677
5109
4894
5797
5018
5657
4914
4940
5638
4990
5932
5227
6286
4804
5300
5563
4791
6565
5110
6012
5456
5981
4728
4895
5327
4771
4780
5078
6220
5344
5024
4793
5508
4795
4747
4780
4963
5022
6041
4819
5257
4811
4744
4810
4788
4962
4814
4769
4778
4802
4871
4798
6256
4931
4800
5175
4792
4918
4808
4925
6273
4780
4775
4938
4797
5137
5784
4849
5858
5547
5544
5670
4803
5012
4813
6048
5668
5055
4773
7626
4786
6621
4754
5703
4776
4817
5351
5510
5006
4877
4793
5925
4791
4795
4743
4793
4769
4923
4687
4785
5989
5611
4814
4769
5005
4961
5311
5616
5497
4751
5415
4737
5110
4739
4854
5960
5286
5104
4840
4754
4746
5288
6514
5556
6011
4856
5145
5586
5203
4767
4732
5076
4773
4951
5236
5160
6152
5963
4806
5951
4797
5962
8054
5451
4965
5603
4789
4769
5222
5020
4707
5088
4921
5132
5102
4771
5257
4983
5919
4725
5112
5106
5255
4886
4785
5066
5514
5283
5138
5720
4784
6111
5599
6046
5006
5605
4789
5408
4780
4981
5225
4810
4739
5633
4774
4968
4803
4793
4667
4776
4789
5415
4789
4775
4787
4785
7353
6447
4778
6115
4914
5400
5490
4839
4786
6318
5402
4773
4948
5247
5804
4708
4921
6028
4784
4782
4775
4718
5587
5121
4804
4921
5081
4742
4752
5569
4803
6411
5580
5579
5432
6771
4825
6594
4728
5840
4871
4792
4769
4778
5612
4948
5923
4796
5985
7869
4914
5258
5065
4862
4810
5290
5741
5299
4790
4843
4776
4961
4886
7603
5447
4750
4944
4791
6107
4769
4795
4960
5791
5400
5593
4804
4754
5105
4806
4908
5848
14386
5901
4776
5538
4895
4815
5609
5666
14950
4778
4763
6061
5115
5817
4798
4794
4769
4775
4763
5696
4968
4754
5453
4765
5763
4763
5437
4940
4762
4772
5070
4782
4767
4830
6690
4804
4914
5039
4857
5460
5309
4813
5795
5018
4858
5255
4836
4782
4981
5270
6473
5618
5097
5880
5424
5907
4771
5404
5467
4810
5977
4757
4761
5982
4909
4782
5446
4752
5187
4797
5821
4744
4809
4715
6073
5370
6022
5027
4812
4985
5031
5461
5277
4927
4985
4753
4848
4760
4777
6048
4801
4869
4813
5499
5276
4815
5369
5370
4893
5774
5970
5940
4838
4812
5618
5848
4791
4775
4739
5967
4802
