Cycles
5670
5891
4799
7547
4959
4869
4810
6102
5555
5940
5071
4787
4798
4793
5747
4890
4932
4793
5899
5691
5192
4795
5395
4858
5342
6105
4832
5480
5130
6174
5085
5879
4784
4837
5033
5984
5015
5707
6372
5605
5698
5794
4800
5083
4804
4864
4814
4780
5366
4780
4820
5473
5729
4809
4774
5879
5583
4752
5767
5655
4691
5500
4761
5964
4813
5197
4802
4804
4790
4784
4704
5621
4817
4977
4725
5826
5162
5955
5237
4862
5713
4802
4821
6191
4774
5767
4821
4780
4775
5917
4999
4849
4840
5748
5139
4829
5454
6085
6074
4778
5264
4788
5028
4810
5827
5053
4802
5094
5253
4722
5845
4996
4652
5156
4750
5733
6232
6243
5760
5183
4901
4808
6101
4800
4832
5510
5959
4874
4975
4819
6744
4815
4844
4736
5996
5688
4797
5214
5636
4678
4830
4916
4944
4826
5685
4793
5005
5557
4774
5501
4793
4966
5415
5573
5400
4808
9330
4787
4805
4914
4792
4989
5152
4804
4798
4989
4814
4800
5814
4851
6041
4767
4778
5311
4885
5190
4877
6215
5469
4803
4832
4935
4753
4847
5050
4843
4898
4791
5925
4780
4821
6030
4780
5223
5510
6003
4791
5534
4827
4960
4955
4815
4690
5376
4793
4817
6186
6244
5394
4679
5066
4819
5227
4893
4826
5052
4840
5178
4942
6694
4819
5875
4756
4873
4773
6078
4826
5791
4912
4710
5797
5011
4843
4797
4988
4786
5329
5631
4795
4798
4800
4808
4791
5471
5221
4778
5765
5515
5972
4935
5788
4791
4639
5415
4827
4769
4797
5508
5099
6203
5985
4814
5517
4813
6009
4743
4663
4631
5798
5535
5206
4666
5421
5692
4778
5983
4917
5339
6189
4689
4791
5042
4720
4743
4898
4737
4793
4788
4786
4806
4754
5076
5986
5085
4890
5359
4745
4836
5873
5368
4800
5240
5226
4828
4782
4819
4751
4692
4746
4756
5164
4910
4850
4809
5363
4728
4810
4840
5407
4826
5891
4778
4782
4824
4821
4793
5080
4815
4876
4823
5458
5458
5612
4782
5294
4944
4839
4815
4827
5657
4925
6287
4804
5461
4831
4996
4757
4808
4836
5218
6571
5425
4769
4752
4990
5372
4809
4783
5687
5002
5063
4812
4789
6121
4806
4795
5862
4653
4733
4803
5274
5570
5368
4795
4858
5115
4775
4923
4897
5951
4864
5011
4752
5927
4813
4780
5884
5115
4845
5845
4852
5036
4778
4892
5962
5848
5834
5992
5808
4853
4856
5378
4809
4793
5567
5053
5722
5208
4959
5514
4791
5655
4819
5000
5666
5972
5056
5516
5121
4791
4800
4847
4959
5411
4808
4826
6130
4841
5328
4826
5391
6076
5389
4819
4653
4717
4789
4712
4825
8167
5016
4789
5007
5838
4953
4830
4810
5765
4813
5776
4815
5171
5188
4828
5324
4854
6234
4804
5015
4728
4979
4668
6249
4832
4666
4817
4862
4827
4813
4780
4841
6231
5188
5670
5301
5748
5195
4899
4860
4929
4797
6249
4979
5000
4813
4775
5461
4804
4810
5983
5223
6030
4798
4966
5996
4815
6101
5454
5917
4858
