Cycles
4793
37307
55358
4797
4992
4920
4772
34496
31424
31173
33977
4851
44473
31003
5612
4750
12427
4743
6024
4837
4810
4746
4942
5631
5996
4737
5246
4854
55942
29516
26989
4967
32968
4828
39330
4899
4970
5592
5387
48763
4769
35195
5413
45295
58043
30972
5096
49298
5821
4763
4807
4765
5565
7821
41180
38497
4938
4948
39572
4747
4715
56712
5588
5566
29484
49637
5728
4741
42563
5769
5251
31312
4877
4902
4849
5303
5221
4834
52572
31031
4996
4763
56216
30465
30255
31921
4908
4746
4802
5054
42521
41202
4739
37245
56654
5174
5939
6139
5200
5800
6067
4827
5623
4808
4744
5694
4730
4823
6152
4769
4849
42167
31527
4772
4834
21766
5424
5433
5130
56318
23333
5396
30361
6128
53554
4832
4766
50451
4724
4746
28382
37726
57465
56270
4795
4747
5568
35897
42500
4708
48126
6029
4744
33541
4866
4787
4770
51434
57506
4789
5575
32123
54268
39479
5820
4763
5769
35901
43304
31098
4919
4787
4756
32623
10862
15256
4759
4765
4778
38020
52642
4840
15917
4811
33368
40189
6165
43913
4953
49734
32156
39490
36565
5195
34802
51777
40511
43218
5288
34215
4744
47540
49259
52043
4742
5227
4782
4761
32394
40347
41269
4734
4771
53386
44686
51695
5698
57184
4702
49526
36539
4714
4930
4758
4914
4753
51871
51164
43083
4881
5169
44416
4886
4707
57434
57453
57693
56910
4749
4715
4724
35261
5889
5264
5621
56126
4785
6145
4985
6501
28177
5951
4735
5221
4799
4758
5536
54441
50125
34770
4742
6070
6000
5824
5091
4737
4795
5672
4704
4806
56751
47697
4955
45548
4744
4787
5888
40502
57116
4776
36577
38656
55843
56099
39682
5452
32793
55411
56298
4767
4806
4987
5402
4731
55733
31832
4745
50134
4724
4778
45715
38582
51728
54093
5453
38893
4844
53021
57199
27384
10981
4828
4752
54659
50129
34640
11641
41467
5261
57033
4745
5554
42664
4808
35897
44565
4879
50537
54306
24881
4722
52488
29587
33942
55076
4776
4782
59331
55592
49658
37239
56866
5145
4705
42578
56958
53346
31029
5462
37521
50479
4739
5010
4782
4791
4762
4750
6059
5228
4750
42368
35845
47866
55948
56454
52363
5938
56129
55508
5413
5795
6402
25566
4914
29329
50905
4757
5130
36992
4757
5194
44582
43425
4748
41964
5561
47285
36381
5766
57601
56879
4759
48525
29726
4759
5419
34676
32369
5510
46084
31378
5553
7392
5044
44308
48750
50233
52830
49125
4779
33936
4883
4721
5057
5903
4726
4756
4773
56246
5528
4970
46941
58022
26168
41995
41784
30428
5541
4860
51533
51753
47859
35934
5622
57154
6100
38174
33616
37163
40666
34143
49235
32210
46145
111633
30329
41277
4690
35938
31217
45558
5471
4777
4888
5285
5395
31944
47773
33221
34137
5806
37001
54376
6007
56558
4797
4927
57852
46758
41329
54566
39150
4763
4780
42211
5735
5184
37165
29987
31299
5960
57743
33372
38148
4785
5823
54627
32267
32369
48525
4705
4776
51728
5565
