Cycles
5530
5175
4776
4796
4829
4778
5934
28693
6020
38037
6017
6262
35273
5197
5679
4867
4654
5827
4842
5328
6318
4866
4654
5371
4916
5994
5391
5810
4813
4760
25695
8744
4946
4709
4891
5085
4829
4968
4765
4804
4828
5642
5097
4815
12705
4800
4904
5098
455138
4802
4852
6011
57746
30428
31594
6042
55940
56698
5834
5770
5899
4744
4789
50144
56171
464143
464275
6067
50808
39003
55208
5860
451800
4866
5877
5031
32341
49602
4825
4929
5562
6096
19325
5603
5465
6118
57700
35400
25250
54924
32718
52871
4975
5772
4899
6280
57277
4646
4707
42649
466256
23477
5292
4782
37731
30322
57206
4784
5979
44247
33387
46394
34028
4963
5841
56899
5809
456420
5725
5997
30093
55229
29554
31430
4882
4625
55225
29361
35071
40273
58687
4895
40168
37939
29020
457069
5597
5312
57931
58274
30979
31022
6346
4815
8109
37007
44623
49104
51030
449481
47537
439138
433887
4752
6067
34623
4739
5497
5119
4862
40104
440804
5533
5836
54536
29950
4888
26600
4891
4785
5113
5503
33215
5063
4716
5832
4828
4817
9648
5681
432442
5768
6303
29706
59176
57538
56527
4681
4640
55987
32146
29095
5392
4711
5764
5704
5838
4688
4791
4887
5230
34079
454512
6938
4659
58082
58754
32283
58072
4780
28598
41632
56986
57478
58053
5083
50485
43909
16385
4953
38167
57125
29402
52339
57175
5930
4666
57333
25321
6115
51807
30608
49283
32027
453489
10003
5098
57194
56893
30379
29370
30572
4719
5925
52851
47566
46414
5350
43919
435642
5254
4851
58060
29832
58318
32035
33251
4825
57637
50149
53382
447990
55082
39539
56291
43338
4853
5434
47374
57944
31482
37021
4826
4815
29756
4985
5143
46911
31032
57735
57056
5876
5350
52449
31136
56996
56519
29844
5946
4786
55974
57021
6249
40914
55760
5513
39768
42600
5456
39446
31106
57113
57974
466914
4698
5690
4785
33782
35979
4771
54056
40168
55693
4793
4864
47945
30586
30517
4745
49440
39701
5010
36942
24296
5390
4646
6069
49412
30778
30170
26868
5955
45228
6056
6154
13665
4780
38145
57553
56994
33506
450314
28110
5202
31846
5743
57760
46741
31804
31201
4812
5780
5629
46233
56897
56797
54381
5806
4637
55240
37692
31258
54799
57774
44923
35474
45930
46607
26544
29519
5177
5776
45898
56355
47400
56298
44684
4936
42511
19041
5082
4795
31722
54565
52120
30890
40770
4899
6061
4795
49752
39528
5249
38143
57748
56845
55818
32138
4786
36448
45496
5492
54976
52635
49883
4726
5502
48159
57765
30044
31128
57374
463853
48228
29362
32281
54132
4800
4975
45904
18150
5005
4843
58089
57690
30361
6248
30022
28782
51825
43228
473042
5448
49503
4634
44231
37858
38176
4827
5244
58711
32778
57137
56061
56938
5581
30426
32046
29760
29992
5406
55533
57987
39288
5817
4869
34971
31430
55603
33864
48591
30404
30113
33124
5113
40503
5626
54033
24968
4660
4997
5570
5620
31298
34021
38442
54467
4672
5221
38782
15903
29067
5464
40384
33577
32540
57912
4818
5405
54572
32305
57344
34984
5253
5486
5648
54328
8715
446670
5860
