Cycles
4856
4888
5074
4709
4796
5913
5523
4955
5382
4817
5225
5152
5219
4901
5901
4812
5087
5286
6083
5432
4791
4957
5639
4879
5650
5050
5339
5534
4806
4871
5713
4814
5536
5221
5668
5292
4869
5694
5770
4796
5806
5613
4716
4934
4972
4709
4719
4795
4814
5234
4804
4927
5399
4960
4736
5033
4821
4834
5611
4944
4881
4698
5288
5462
4910
5217
4711
5493
5463
4879
4836
5938
4830
4823
4782
4808
5283
4830
4858
6096
5950
4921
4817
5830
4808
4830
4835
4851
5560
5390
4977
5375
4814
5130
4827
4877
4797
4815
4843
4841
5495
4814
5477
4794
5119
5147
5280
5515
5296
5640
4819
4830
5496
5838
5400
5223
4838
4832
4851
4834
5037
4836
4735
6422
4817
6011
5094
4836
4847
4813
6787
5460
4834
5257
4804
4833
4875
4806
5828
4798
5826
4832
4893
4862
5578
4823
4799
6061
5020
4808
4921
5644
5229
4945
5018
4853
5249
5840
4822
5115
6011
4784
5601
5011
4741
4824
5484
4836
5744
4802
4791
4942
4841
6076
6104
5848
4802
5716
4800
5052
5931
4718
5018
5480
4836
4875
4739
4789
4858
5050
5456
5456
6043
4806
4793
4797
4802
4810
4828
5287
4964
5405
6236
4802
4837
4853
4804
5793
5659
4942
4920
4782
5067
5582
4972
5104
5393
5027
4837
4815
5286
5862
6171
4791
6186
4787
4757
5673
5039
5557
5571
4894
5403
4931
4977
5678
5018
4711
5642
5484
5569
4838
4814
4926
4810
4749
4999
5293
4824
4946
4843
5955
4694
4806
4871
4789
5725
4818
7093
4981
4830
5204
6033
5408
4803
4938
5009
5229
4819
4828
4826
4856
4827
5741
4731
4784
4841
4791
4811
4947
4922
4851
4831
5294
4832
4836
5594
5288
5685
4983
4916
4998
4836
4791
6186
4897
5772
4786
4920
4793
5205
5154
4830
4732
5814
5270
5310
4830
4801
4736
5765
5072
5231
5489
5914
5177
4994
5670
5045
5489
5162
4936
4906
5784
4925
4847
4785
4823
4812
5267
6380
5616
4838
4834
4824
5709
5730
4685
6097
5918
6061
4791
5523
4966
5335
4720
5717
4935
4826
4779
5893
4817
4795
5713
6118
4923
5066
4821
4798
4972
5789
4901
5007
5577
5595
5882
5930
4901
5984
6002
4823
6277
5191
4942
6538
5314
5207
5812
5275
5951
4838
6096
5939
4962
4875
4819
4823
4840
5599
5318
6399
5050
4797
4817
6230
4840
4877
4827
4864
4832
4849
4932
4821
5242
5983
5845
5050
4818
4862
6331
5457
4826
4880
5873
4811
4798
4888
5029
4801
5724
4809
4788
4986
4824
5858
5374
5491
4791
4862
5396
4991
6121
4892
4869
4795
6042
8162
4820
5770
6241
5854
5557
5058
4818
4955
4930
4843
5242
5313
4845
5031
5120
5137
5508
4804
8551
6212
4806
5206
4849
5285
4703
5700
5655
4868
4852
4789
6244
5973
5283
5822
7754
6046
4849
4839
5659
4936
4804
5894
4782
5612
6024
4791
5283
5285
4806
4991
4788
4966
4830
4732
5288
5408
4837
4782
4837
5287
5018
4945
5229
