Cycles
5067
5371
4911
5976
5607
4867
4769
4810
4916
5363
4836
6377
4701
5288
4839
5488
6193
6076
4876
5458
4840
5674
4795
5080
4744
4806
4782
5155
4990
4886
6137
5849
5536
4765
6046
4787
4904
4771
4772
4808
4869
4746
4778
5849
5088
5140
5184
4770
4793
6622
4785
4817
6144
5945
4785
4765
5288
4761
4827
5970
5491
5147
5108
6111
5445
4739
4778
5739
4750
7202
5249
5329
5852
4806
4855
4772
4764
4760
6718
6042
4903
4776
4761
5143
6162
4788
5499
4775
5340
5292
4806
5184
4769
5832
4757
4819
5704
4938
5757
4796
5075
4903
5022
4812
4772
26363
4752
5022
4798
5329
5677
6627
5606
4768
5032
4888
5038
4762
6072
5705
4765
4817
5151
4758
4851
5301
4944
4788
4839
4868
5683
5665
4756
4776
4778
4772
4817
5977
29741
4793
4735
4823
4804
4788
5476
4761
5769
4921
5145
4775
5128
4810
5787
6113
4946
5961
4932
5020
4733
4814
5486
5946
5737
5476
4756
5171
4753
4744
5960
29279
5566
6102
4947
4886
5089
5216
4765
4760
4739
5668
5701
5955
4748
4940
5715
4838
4853
5197
4922
4849
5791
4808
4770
31057
4815
6071
4821
4780
6009
5372
5465
5949
5985
5793
4879
5028
5093
4765
4773
4903
4819
4782
4965
4858
4927
4795
4771
4786
4798
4801
5006
4799
6022
4786
4752
5095
5633
4778
4771
4761
4796
4735
4843
4775
5438
4806
4750
5694
5627
4746
6145
6100
4955
4756
5341
5907
4988
5060
4806
28422
6062
4822
4832
5175
6212
5954
5442
5771
5506
4743
28810
5022
5497
4837
4789
5387
4786
5510
4786
4765
6085
4789
4698
28361
5572
4799
4889
6279
5912
5743
5897
5350
5058
5852
5058
6018
4996
5741
5383
4795
6084
6460
5931
4795
4794
5815
4785
6452
5269
4843
5636
5525
7220
5361
5154
6164
7182
4756
4761
4957
4891
5523
4918
5836
4789
4912
5192
4791
4841
4765
4803
5440
4796
4778
5856
5457
5232
5072
4735
4823
4735
5031
4743
7212
4756
5029
4819
5533
5199
4776
4758
6094
4827
6019
4858
5017
6573
5555
4734
4744
5875
6789
5950
5117
4804
4698
4819
4798
4715
4800
5104
4783
4786
4767
4961
4806
4777
5194
4826
4773
6683
4786
4797
5461
5262
5798
4778
4793
6281
5031
4748
4867
4793
4798
4753
5442
6183
5561
5316
4812
4814
4693
4989
5987
5521
4986
5668
6662
5795
4804
5959
4734
6000
4930
5804
5458
4731
4884
4782
4791
4810
6180
5754
5468
5855
4747
5338
30097
4771
4883
33264
5405
4912
6506
4972
5080
4826
4783
4756
5931
5007
6625
33655
18539
6361
29615
30093
5188
5038
4898
5205
5417
4964
4824
4830
5462
4843
4830
4773
4774
5727
4778
4793
4765
4938
4793
4970
4901
35039
4916
36573
4798
4963
4770
4812
4720
4970
4793
4765
4793
4778
5727
4773
4830
4824
4964
5417
4898
5188
6361
5931
5080
4883
4771
57075
5970
