Cycles
4901
4955
4828
6082
6278
4806
4864
5276
5672
5428
4819
4758
5646
5982
4845
5033
7020
5015
5904
5389
29627
4812
5368
5105
4843
5806
4847
4817
5637
4894
4778
4780
4783
5356
4961
4825
6247
14057
28596
5598
4808
5175
4787
5948
4845
4966
5214
5123
5598
28358
5677
5383
5374
5610
4892
5234
5386
4801
4854
5127
39113
4808
4993
4916
4786
5287
5791
4824
5223
28886
4784
4691
4790
5566
4747
5966
4828
4882
4696
5834
5994
4938
5525
5925
5612
5007
5369
5913
6361
4912
5250
5993
4788
30187
5099
4875
6238
4743
4744
4818
4834
4815
5942
5327
5066
5599
4789
5711
5039
6378
5439
4737
24366
4942
5322
4711
5134
4852
24866
5566
25235
5841
5787
4758
5912
6171
5845
4840
4726
5528
5810
4979
4877
5784
4885
6070
4698
5014
4724
5855
5813
4716
4981
4936
4759
24280
4849
5002
5631
4851
5451
4849
4996
5348
5061
5130
5195
6055
5529
4759
5667
5229
5454
5745
23810
4737
4730
5404
4791
5521
4789
4711
4737
5152
5275
4798
5059
5917
5817
4769
6290
5733
5214
4808
4707
6203
4869
4873
4974
4919
5631
4972
5793
4733
4847
6493
5253
4857
5070
4728
5873
4834
5763
4819
4883
5547
5757
28974
5498
4802
4821
4782
5014
5757
5326
6527
4901
4955
5113
5011
4798
4827
4782
4808
4795
4869
6216
5685
5741
4821
5056
4755
6208
4858
6437
4823
4998
6109
5067
4834
4823
5225
5743
4720
4987
4708
4992
5964
5391
5031
4890
5877
6078
5572
4905
4823
29517
5409
4772
4937
4746
5400
7971
5891
4690
4828
4770
5897
4804
28659
4808
4825
4855
4865
5857
4854
4832
5045
5683
4860
5731
4890
4812
4817
6167
5750
6266
4981
6104
5994
5009
5506
4800
4987
4955
4692
4709
5879
5830
4688
4743
5026
5457
6158
5431
5232
4784
5543
5216
7837
4837
4860
4814
5588
4828
5555
5709
5881
5125
5365
4962
4823
4830
5128
4814
4833
4811
4841
4793
4801
4811
5783
4936
4827
4882
5246
5791
5500
5856
4824
4797
5671
4858
5609
6318
4795
4797
5091
4881
4846
25081
4823
4833
4832
5835
4905
5442
4828
5596
4950
6102
4789
5162
4821
4936
5765
5000
4767
4964
4800
5383
4834
5664
5804
4686
5271
5878
4813
4870
4852
5523
4747
4711
5672
6366
5677
4797
5374
6150
4828
5834
4780
4799
5605
5233
5596
5333
4859
5080
4824
4815
5256
4834
5278
5244
5706
5536
4735
4866
4783
4810
28795
5223
4809
4957
4860
5122
5445
5888
5846
4977
4820
4808
5856
4946
6414
4877
5666
5469
5549
4799
4938
4901
5773
4810
5694
5934
5352
6369
5696
5171
4965
5786
4882
4875
4839
23862
4802
5344
21630
4975
4819
4817
4817
4782
5454
6079
4836
5954
5054
5473
5439
5508
5957
25195
5013
6313
4840
4987
5594
4830
5909
4807
5055
5022
5612
4872
4860
5027
5464
5551
5717
4912
5735
4938
6171
