Cycles
5765
5555
4687
4927
5009
4961
14375
4832
4960
4903
5545
5718
5709
4782
4804
4905
5364
4741
4739
5678
4927
28618
5998
4996
5482
4796
5263
5917
4882
6428
5824
5709
4903
5709
5074
5454
4786
4763
4958
5683
5616
5544
5486
4754
4849
4787
4860
4829
4761
5649
5841
5264
14677
6024
5152
4977
5571
5141
5334
4795
5709
5002
4767
6251
4829
4880
5703
5171
5026
5377
37955
4885
4756
6040
28717
4812
30667
4814
4811
4938
7554
4925
4778
4780
5026
4960
5262
4816
5130
5110
4849
4773
4741
5461
5380
4804
4906
5363
4847
4712
7731
6838
4791
4795
4802
5912
6191
4786
4800
5098
5096
4765
5925
4880
4780
5184
4772
4814
38444
4762
4794
5113
5050
7841
39589
5974
5672
5780
5392
5441
5192
5415
4781
4802
4966
4782
4813
4803
4784
5463
4792
5298
6258
5534
5038
4778
4767
5631
4977
5960
5953
6266
4783
4791
4690
5370
4776
5982
4780
4766
28471
5508
5861
4803
28430
49891
5451
6044
6003
4796
28378
4800
4765
4789
4813
4873
7253
4847
28847
5808
5733
4778
4769
5484
4817
5757
4797
4819
6146
4901
4761
4996
5307
4760
5642
6299
4886
4947
5040
4817
4985
35355
4767
4933
4717
4779
5316
5810
5217
6159
6203
4722
6221
5687
5277
6108
6003
4780
5538
5633
4776
4794
4820
6145
4759
4780
4804
4682
4867
4855
5341
5199
5264
4698
7388
4735
4744
4803
4780
4903
4785
4826
4767
4987
5171
4773
4906
4795
5808
5976
4767
5434
5626
4934
4894
6491
5686
5437
5667
4768
5130
4778
5124
4806
5497
4788
4968
6063
4773
5016
4838
5324
5826
4758
5709
5828
5603
5776
5821
4810
4796
4793
4772
5789
4767
6765
4848
6200
5069
4765
5366
5046
4770
5701
4780
5383
5644
4801
5003
6292
5611
4757
5197
5355
5033
5961
4741
4754
5819
4778
5370
4674
5978
5955
4769
5879
6394
4839
4830
4761
5382
5772
4815
4827
4871
4757
4769
4758
4787
5318
4771
4776
4807
4882
5641
4958
5223
5670
4798
4778
15867
4754
4780
4775
5201
6143
4951
5480
4961
4783
4778
4888
4781
5489
4747
5361
5763
4774
5456
4806
4994
5687
5136
5337
6115
4987
4780
4768
4784
5513
28873
4804
5067
4911
6009
5368
4775
5140
4765
4802
6063
4893
28363
4757
6066
4781
4772
4930
4975
5569
4795
5648
4811
4795
5957
4817
29678
7547
5632
28458
5914
4880
5394
5587
5912
4770
4905
4776
4775
6054
5102
29417
4858
4760
4790
6584
4899
4761
5702
5940
4761
4800
5420
4785
5129
4791
4843
4786
4806
4750
4733
5724
5363
4791
7701
4895
5432
4784
4821
5139
4696
4948
4806
4884
4901
4761
4791
5733
4805
28435
6024
5763
6037
4789
4716
4916
4778
4802
5082
5143
4884
6467
28423
5599
4943
5843
4949
4812
6111
28380
4850
4734
4810
5823
26557
26136
5424
39170
4830
30236
55438
33162
5393
12951
5111
45954
4769
49891
30667
