Cycles
56603
5081
16422
4998
28881
5396
42995
4788
45526
56291
53606
4946
37701
5344
46054
5543
4880
31471
47995
33577
47646
45645
52171
34789
37994
29789
5540
43750
4839
49081
4776
4753
5875
44501
58681
5873
4770
4800
31761
6001
55276
48853
5827
4979
29277
4771
4785
4763
45027
4849
37601
4978
45693
35726
4847
34715
4772
29454
53879
5057
4798
15206
51683
5690
6118
42252
53460
52300
31112
38193
28859
5197
52896
41159
56091
4735
4898
4799
51401
59208
57895
40776
5686
31819
42055
34882
41883
4796
14755
4800
37400
44479
29004
54408
4699
4763
5047
53182
27611
4707
5035
5007
4804
5526
49118
54902
4768
35204
4783
4884
4739
36998
5160
4715
4832
4959
6281
4758
46574
42675
37100
5121
5067
4752
5087
6102
4749
5499
5605
13431
6542
4818
51138
5359
48671
42257
5985
4780
4788
4720
54596
4785
5714
4778
5464
5938
4703
6199
5572
5964
4768
5815
5511
5443
5089
5586
4854
5045
4976
4758
5482
4800
4797
39135
4816
4812
55771
5647
4720
35790
4931
4970
42022
37850
5428
4970
4832
28818
28355
42492
57181
56454
58255
4750
5927
38329
5908
4754
38161
55921
41444
4875
4744
5653
5353
4927
5650
5594
4772
36295
31655
4756
24354
54793
4713
26725
6527
49913
5164
5054
4914
5821
5489
6255
4772
4812
31643
4758
39605
4876
46474
42787
46862
4763
6703
4795
5685
5778
56877
4765
5705
46190
34151
54577
44379
4776
47131
4666
4757
4802
57126
52662
42585
4829
43560
4726
5656
4778
5317
38986
49613
5937
5294
4836
4843
31749
53419
4795
5839
44648
29364
31355
4868
49449
6002
57117
5074
52162
5469
4789
43042
11072
34865
5145
5623
4690
27153
5130
5532
4693
5327
5471
4942
6232
4864
4847
16036
5266
5646
38465
5717
4736
4806
4929
4836
5506
4804
4749
4953
5019
4769
5916
4733
5957
4793
4793
5387
4771
28523
4747
33279
26410
39101
56916
50098
31463
33384
38334
9778
5795
32657
35555
43647
4793
4745
4791
4943
5918
4735
4963
4858
5974
4877
6223
10810
6123
4741
4965
28924
5508
5096
5778
4778
5961
4782
4981
5763
6119
4694
4768
4810
4914
4884
4726
7359
4912
5558
5918
38804
43603
25148
51202
47274
31665
4934
5927
5394
4996
5338
5658
6279
4733
5079
4688
4796
4959
4880
6360
4845
5203
5311
25305
5257
4741
4837
4901
5664
31759
32917
5471
57201
5962
45768
4730
58383
4860
5530
28387
5370
37891
48566
45336
42647
4837
5299
5857
6422
58636
53807
34435
5558
51969
31494
4769
36599
43112
28166
48976
5476
57746
43928
6812
53946
4890
50520
5763
37729
16537
5532
4724
5020
4905
58806
57825
4784
43054
48101
5011
50475
39632
58035
26587
4813
6364
4669
28255
58147
55814
4778
54321
48943
51950
52985
58142
36947
5305
29968
4747
5819
4933
4768
4916
5024
51961
5973
25246
5294
5457
57586
58962
31924
56903
4853
6320
4918
4740
48943
58383
4713
52171
