Cycles
5009
4822
5374
5444
5920
5473
5578
5227
5240
4787
4799
4802
4788
29253
6065
4799
4818
4860
4860
6899
4949
4843
4912
4946
4726
4784
5560
4799
4892
4784
4785
4713
28207
28417
6476
5122
5229
4713
5110
4837
5670
6085
4765
5920
5273
25367
6020
5674
4849
5467
5699
5350
25289
6165
5825
5247
5268
5096
4771
4715
7290
28674
5164
5256
28359
28300
5227
4802
17940
5260
4944
5205
5994
4761
4772
6046
4987
5635
5303
4730
4864
4867
4963
4897
6217
27249
28357
4758
5188
4927
6449
29549
5309
4947
4907
5772
4851
5572
4888
4791
5749
4694
4886
29179
5257
4836
5621
4867
5029
5437
4776
5217
4727
4881
5027
4947
5759
5587
5476
4806
4739
4881
4720
5364
5002
4765
7364
4767
4796
4816
4780
5835
28946
4940
28504
29348
6020
5054
6353
5974
4922
4744
5437
5866
5856
4833
5309
6018
5585
7257
4713
4927
5309
5011
5208
5419
4780
4896
5848
5112
5189
5609
5080
4812
29054
4765
4787
27726
29067
4862
5534
5035
6025
6208
5370
5080
5078
5357
11988
4789
4824
5711
4810
4788
6042
4905
4937
5705
5804
5035
5698
4784
4787
4888
5511
5239
5002
4910
6616
6091
5549
4959
4972
4846
4923
5929
5244
28286
5897
5864
4762
5337
4784
6046
4994
4940
4696
4793
5063
5712
4784
4947
4929
5595
5784
5147
4767
4793
5859
4817
6111
5387
4879
6061
5077
4767
5476
5208
4762
5442
4858
4845
4789
4801
4990
5190
5018
4938
5886
4789
5929
4777
4819
5118
4974
5830
5471
4793
5966
5964
4839
5471
5819
4777
7236
4763
4765
5657
4947
5251
4902
5853
5748
5949
6732
5305
4843
5327
4994
4825
4979
4819
5521
4791
29406
5741
4907
27362
4754
6372
4791
28266
4784
4939
6150
5800
4793
5010
4752
4780
4808
5609
4808
4765
4822
5540
5340
4897
5234
5545
5199
4813
5348
5631
4789
4780
28345
5835
5635
4791
6979
4866
4815
5229
5030
4953
6130
5057
4854
6510
5063
5259
5132
5681
5922
4750
5811
5119
6750
4882
4908
5406
5197
5420
6109
4780
4810
4803
4771
6186
6003
5906
4803
4756
4811
7357
4966
5992
6274
5054
5569
4708
5989
17686
6004
4784
4868
4916
5411
5434
5030
5013
5439
5767
5432
5020
4806
4765
5292
4815
4905
5333
4849
7172
6050
5785
7125
4739
4945
5007
4769
4834
5525
29049
5094
4780
5452
7486
5404
5199
4761
4920
6202
5803
5102
4998
7577
5156
5515
4732
5691
4794
5588
6050
5102
5560
4902
37504
6031
38257
37453
4739
5136
25689
32503
34119
29855
5554
4843
4791
4914
5737
4757
4797
4784
4735
36321
32094
34605
4836
29560
32347
7581
4845
30974
6086
39572
25349
30896
4799
29002
5817
5471
38791
5540
4819
5554
14014
6037
30635
4763
5575
4789
4963
41334
30804
40331
34552
33865
6014
5491
4820
38697
5594
5230
32951
35231
37696
4694
23687
33974
38754
5317
5281
5979
38697
5491
30804
29002
56530
25349
4845
7581
4735
4914
4791
48164
25689
5136
37504
