Cycles
53283
30318
41020
5856
4754
50434
56106
4781
5215
41619
5061
4761
57440
36770
4847
5132
4772
38314
5596
5830
44865
5467
55756
45904
51309
7048
31421
4759
45890
47564
40863
30195
4780
5382
4711
5557
5067
54950
4763
47781
55552
5533
6085
43798
4851
38839
52673
55784
5240
36634
31249
5106
34270
4878
26862
5616
45580
37500
57521
30887
52334
4851
4756
4728
5377
48660
20010
4775
4987
35793
5657
30884
6489
36193
4771
57568
5521
4767
5092
49881
56138
59880
5884
57985
6076
37621
35590
54589
4787
47263
4756
4824
4752
5320
4752
4941
36204
29255
5111
5001
51812
4765
5478
34415
46268
5683
49667
47279
5065
4752
4934
53453
55623
24894
4922
28154
5296
56938
58247
36195
59091
51391
43102
47963
41450
4702
4826
47792
4775
6039
4765
5301
4767
40545
60313
5575
4765
52789
53814
30173
45466
38243
34104
4987
56766
29106
4787
4815
35558
4706
4788
4760
5320
32774
56359
4745
5478
4949
4758
36472
40279
50176
31140
4815
4836
4750
4966
4819
38074
57529
56272
5994
4783
35784
4960
32417
36137
5222
29127
34753
4867
4778
4931
4971
4830
44720
47797
43947
39502
4750
31042
32940
6726
4726
4886
5553
4763
4825
5035
44248
34337
4855
4918
4819
28999
4780
39633
34921
5543
51056
5065
40368
42304
31470
52168
37251
4804
4745
4779
42960
30949
43611
55314
4821
6164
57445
51544
6130
29555
50455
53130
42431
5348
4810
34583
4763
51768
5283
35478
37096
53648
33650
4762
9417
43278
5290
4796
4799
6043
36115
29771
5227
48747
30532
37251
5363
57011
40012
4761
49562
42459
4795
5716
4916
5710
29804
31022
30313
4902
33163
57515
37988
5668
45665
32987
4903
4752
5786
4776
30067
56177
4675
39357
37869
4774
36964
51099
37402
36016
5473
33735
5274
5228
56785
57223
36260
25255
5935
4887
39919
4888
24308
34384
58361
31746
6063
41091
5560
50306
5655
5700
47935
4703
53151
5823
5495
4845
4763
55058
29680
4760
55642
39783
5984
53548
54676
56653
41256
49559
4702
4860
57642
15591
5584
5229
4963
34223
4970
5014
36074
46255
5836
5958
40328
58314
4755
4726
54469
29247
55838
40816
44120
4730
40503
4784
47859
55100
49734
4899
5427
5713
44026
36519
45619
43814
58888
49168
11348
42494
57095
4866
50157
48892
30200
38815
43135
5256
44781
4784
5752
54613
53552
5517
5555
50877
30303
5889
4731
33013
5937
50273
4947
41702
4741
4865
54347
45756
55572
30953
42850
37336
4754
12278
56024
5880
4776
48466
4758
40311
5517
38416
38096
30268
54957
52764
6082
5115
36476
30458
4769
50090
4802
6674
50259
38398
43253
54132
5366
30478
42528
4753
44143
4814
41798
42926
42049
58420
52205
4855
4894
38776
4705
4702
4763
4786
4812
6007
5868
4927
4783
4821
4752
4769
5020
5985
4795
6035
4688
5511
4814
4817
4745
4767
4795
4688
4873
4893
5233
5216
4783
4757
6103
4778
5787
5869
5223
4989
4977
4685
4772
4800
5521
6061
4763
4757
5115
4737
4998
6720
4776
4760
5729
5455
5621
4921
5555
6726
5222
6085
5061
