Cycles
5821
4826
4957
4739
4946
6141
4892
5764
4798
5296
5499
5955
4702
4854
5162
4735
5367
6153
4788
4819
5022
5279
5635
4786
5871
4806
5076
4789
6474
5513
4815
4985
4791
5476
4924
4918
4783
5446
6841
6776
5227
4888
5348
6248
4808
6087
4858
5171
4784
5944
6154
5917
5959
38487
4953
4832
4816
5795
4853
4778
5681
5646
4758
4798
4717
29501
4787
5767
5661
5690
4696
6893
7164
5072
4906
5415
4864
5246
4761
4906
5732
5009
5892
4733
6050
8008
5773
4760
5000
4860
4770
4770
5063
5005
4910
5616
4873
7485
5499
4768
4795
6002
4808
5930
4867
4720
6111
4756
5935
4761
5390
4765
6128
5402
4752
5696
5033
5994
30111
4981
4770
5691
6155
4688
4899
5137
4756
16550
4882
5441
4819
6044
4785
5728
4959
5018
5894
4744
29521
4720
4718
5849
5875
5665
4675
6849
5558
5676
4896
4890
4775
6435
5241
4752
28991
5150
5044
6070
6772
4694
5224
5148
4784
4968
4791
5024
4763
4828
4811
4761
4771
5592
5100
5216
4801
4786
6072
4743
4836
4793
5668
5340
4914
5959
5033
4914
5700
4969
5699
4750
5221
4786
4809
5346
4778
4754
5567
6136
7467
5571
4778
5685
5540
28512
4727
6731
5003
4791
6143
4874
5839
6059
6403
4808
4709
5960
4828
5879
5618
5292
4927
5067
6067
4772
4869
4906
4774
4791
5888
4733
4819
5037
4715
4985
4877
5888
4880
4981
4810
4819
4684
5832
5813
6074
5173
5426
5843
5311
4789
5806
5605
4793
6218
5749
6365
5192
4924
5197
4731
5856
5667
4806
4890
5171
4809
5314
5651
28350
6045
4696
4960
4783
4815
4820
4837
5901
4909
4723
4828
5965
5816
5065
4802
5396
4755
6435
4790
4795
5461
4778
28411
5985
5184
5400
4839
4763
5836
4863
5139
8055
4785
5294
5659
4783
4827
18870
4784
5533
4713
4757
4759
4988
5558
4819
4881
6037
6072
4793
4937
4767
4927
4826
6158
5085
4798
5910
5307
4931
5633
4723
5973
4972
4741
4761
6015
4944
5800
6048
5368
4866
5948
4923
4854
4791
5653
6074
5450
4797
4830
4800
4786
4741
5951
4724
4839
5419
4769
6687
5776
4765
4750
5182
4819
4787
4748
5776
4766
4788
4798
5769
7519
29101
5893
4727
5363
5328
4787
4787
4778
4849
6050
5853
5245
5655
4769
5560
4778
4847
4716
4765
4884
5812
5898
4746
4816
26933
5517
4771
4785
5454
4909
4746
4796
5448
4728
4994
4977
4802
6188
4912
4769
5162
5102
6084
5990
6048
4859
4841
5022
6197
6152
6104
5970
4778
4794
8242
5121
6053
5636
5935
5918
4817
4770
4759
5037
5593
5456
4801
6012
4872
4830
4892
5540
5593
4720
5327
4859
28376
5510
4737
4790
4761
4711
5218
4886
4793
6027
4817
5674
4808
4737
6698
4930
4979
6087
4801
4782
5568
6081
4778
4756
4793
7703
5150
5052
5171
5871
15805
4782
5590
4817
5421
5691
4713
4827
5936
4767
4888
4782
4786
4765
5214
4799
4960
4778
5203
4821
4756
5764
4761
