Cycles
8656
5290
4769
17727
4924
5113
4845
4791
4752
5324
5921
5215
5803
5560
5299
5210
5201
5811
6223
4750
5850
5415
5797
4750
4812
5678
5933
4741
5626
4834
4824
4994
4992
4817
4817
4955
5890
4876
5071
4897
5383
5333
5668
5547
5121
4773
5556
4763
4739
5035
5043
4812
5428
4746
5225
4932
5326
6277
5411
5169
4908
4745
6059
4778
5289
23903
4897
4825
4794
5644
4750
4832
4953
5271
4919
4799
5931
28875
29257
5160
5677
5467
5586
5765
4984
5363
5879
4868
4812
4903
5785
6074
4762
4942
5772
5921
33713
22937
5665
5927
4894
4713
4818
5484
4976
4779
7196
5558
5209
5437
6461
4791
6037
4996
5973
4930
5086
4795
8826
8895
5890
5275
5534
5460
5392
4950
6059
4694
4872
4737
6069
5039
4891
5106
5573
5662
5033
4765
5899
4761
5420
4763
4758
4957
5940
5588
5633
5128
5106
5173
5066
4761
4745
5037
5512
5821
5286
15911
5392
4942
4750
5439
5084
5377
5352
6318
5071
4803
4985
4786
4756
5525
6363
4821
4732
11156
4875
4775
4825
5024
5419
5005
4754
4894
5541
6158
6424
4952
5372
5652
5687
4763
5940
4842
6301
5965
4942
4862
5608
5209
5996
5897
5839
4743
5459
5879
4780
5152
4815
25015
5525
5538
5119
5739
5212
20148
4768
5646
5456
6055
4878
5444
5964
5102
5888
4720
6135
4776
4823
4754
4754
4776
24143
33164
5465
5971
5257
5787
4769
5482
5088
4765
5638
5856
5912
4687
4902
5993
4866
5547
5476
5897
5985
5743
6681
6292
4959
4891
4732
4806
4840
11957
4879
4855
5871
5793
5033
4878
4948
4862
5228
4795
6096
4868
6081
4972
4764
4968
4763
5477
4763
4741
5711
4760
4769
4768
5428
4789
4771
5169
5355
4901
5118
4700
5521
5968
5348
4804
4827
4794
5780
5197
5629
4814
5303
5165
5659
5195
6165
5912
5726
4748
4936
4821
5726
4843
5909
5113
5910
4751
4769
5994
5042
29180
4870
23967
4951
5506
5852
4750
4778
5858
4835
5445
4816
4911
4964
4737
5307
5634
4774
5173
4761
4888
4770
5428
5495
6119
4763
5346
6033
4864
5670
5476
4947
5394
23804
5639
5408
5085
8964
5126
5063
5981
4789
4797
4767
4801
4760
6048
5571
5996
5152
4780
6219
6316
4871
4747
5422
4934
4960
5091
4806
4955
6184
4769
5529
4726
4800
4961
4778
6022
5529
4977
4873
4922
5852
4788
4882
4856
4938
6750
4914
5013
4789
4761
5592
4733
4757
5194
4951
5513
5493
4780
5337
5167
4953
4828
5720
5350
4971
5759
4692
4759
5378
5933
4776
32342
42908
43011
54661
4889
30385
5375
47424
40198
5485
4689
5382
43079
55721
47239
50263
39854
30167
4749
57639
32746
32457
5216
55892
34717
4899
5843
5706
58532
5508
44343
4813
23999
54058
56778
5078
4802
54389
31627
31410
48764
5647
4759
29817
4801
57361
35897
6076
21721
5210
4767
34266
5533
5642
5970
4756
48276
4785
29875
4815
44403
55981
5022
5074
5379
38093
48704
17496
4843
5201
6765
6765
5879
