Cycles
5240
35417
37811
5674
5909
4659
30207
47015
5782
35421
58646
5645
30247
29776
56221
31635
58166
22412
4711
55799
4933
47552
41509
50680
34797
46133
47909
40443
4724
4798
31763
4827
5362
6064
38024
30490
4886
24665
50778
4944
5095
24032
50497
30113
5784
5409
5031
50047
30646
51082
56569
4767
4960
4728
4799
4778
5717
4908
4979
5281
4705
4892
4719
23693
4946
4707
5509
5916
6020
5304
6577
37081
4789
6210
4769
5444
24972
5765
4795
5013
4830
5633
39692
4813
24086
54020
57895
4821
4832
4787
29132
52321
4945
43862
4802
46631
38828
4838
5177
29991
52739
39314
35294
5367
5139
5609
4797
29279
4923
5434
4845
5467
6236
47297
46861
5290
4899
5189
5703
4849
4683
6078
6035
6074
40755
5491
4778
4789
4823
5090
55164
43910
54291
53730
4700
6020
30195
44826
4787
4698
4767
5161
5367
5307
29553
35617
54973
39207
47584
5617
4776
32292
40727
4693
56751
57508
25552
5714
35893
30197
4990
58070
5855
52831
57700
58936
5644
4644
35160
48564
5405
4629
30594
6184
4830
45684
5262
37001
57819
5627
5119
29134
5273
4824
5556
4788
50382
58775
44748
56817
4802
4797
4625
5134
4761
42278
21764
4812
4812
58287
43362
5258
4979
5208
6120
58098
4745
53629
58032
29530
30772
57058
6248
4985
46978
4871
4791
6683
43759
15757
5054
28594
31032
23682
28149
5692
45429
5348
49476
56264
4795
5119
5818
5678
5629
4845
7514
29069
6191
4990
42647
4994
49106
4806
59153
5787
5653
4866
4860
40454
5884
5256
57407
29676
4956
32456
4800
4808
5951
4841
25270
4823
4834
5737
5501
4816
5311
5569
4781
5688
4806
4851
4806
4886
4836
5355
5998
4933
32381
5158
53180
52484
4992
4851
5890
5020
4642
4796
6281
6046
24429
4821
4821
56253
30987
41144
5278
4678
46710
57184
5666
4784
5625
51380
29748
56979
33625
4651
4854
53813
5471
37647
5524
43796
34478
4767
43939
4702
5059
57445
4703
45187
56942
33807
31055
56955
5034
5412
4774
30152
37100
4884
51067
4849
4985
37867
48315
43667
4813
36791
33214
5165
4810
58434
4757
6279
4782
5878
28721
50197
29915
4798
31540
56490
30521
31992
4804
54957
5435
47641
49501
4813
53095
29065
4810
5955
56568
5288
5148
55262
59084
4806
40328
56160
33661
5726
38708
38258
4670
5811
30016
4819
6108
5212
54170
56566
49330
46874
35072
40045
4810
39565
4877
4806
57448
5384
28550
5974
29392
55191
57309
55384
36093
45798
4835
5640
42461
15007
4797
5350
4771
5424
5104
4886
4657
18157
5773
5590
33057
45330
18453
4862
30553
4800
5763
39587
37657
4865
38310
37880
5393
47505
41163
5763
4962
5982
5543
24984
5331
39161
30179
30914
33675
57314
5850
56542
56663
34497
4787
5027
5197
4798
50077
57812
18638
4780
6765
4830
21507
5558
36256
32227
56938
30787
42150
4694
29845
6456
5463
30496
50104
4876
5709
4765
5269
4845
49019
57120
4812
40504
34359
35718
4793
34333
42150
5666
58070
466894
