Cycles
4659
4914
4782
5072
4791
5854
4655
5751
4830
4944
6804
6134
5165
5582
4944
4827
4791
5059
4804
4932
4783
5946
6170
5985
4727
4780
4821
6487
5186
5891
6031
5742
4923
4878
5510
27897
5529
6046
4772
5504
5685
4812
6123
6039
4789
4650
5175
5614
4814
5612
4853
6057
5511
4776
4646
5054
4927
5687
4770
4823
4842
4847
4696
23976
4833
4811
5621
4804
6071
5220
5793
6612
4764
4806
5221
4819
5881
5882
5362
5337
5659
4897
5664
4923
5938
4873
6357
5130
4899
4776
4795
4866
4947
4896
4735
4893
4817
5755
4916
5270
4873
4801
5638
4983
5471
6085
4826
6095
5908
5604
4803
5428
5935
5487
5186
5280
4989
5100
4796
4816
4914
5682
4774
4871
4933
4826
4895
4808
4790
4817
5305
4813
5156
4778
4726
6149
4934
4698
5136
4807
5309
6212
4806
4813
5156
5094
5441
5983
4829
4971
6089
4946
5575
6102
4853
4668
5763
5979
4828
5234
4806
6579
4961
4809
4774
4784
4659
4834
4796
5294
4795
5888
5279
5223
5402
5270
4786
5151
5342
5423
4938
4856
5688
5474
27983
4810
5042
6291
4816
5047
5498
4803
5286
4685
5254
4958
4908
5690
5610
5535
4816
5113
5145
4813
4810
4798
5124
6017
4817
5897
4823
4855
5141
5287
5080
4806
4826
4840
4768
4880
6050
4765
4809
4801
4821
6024
4777
5865
4970
4792
4910
4957
5406
5680
4882
4833
4659
5039
5256
35139
4819
4803
6817
4655
4940
5828
5834
4666
4761
4873
5601
5413
4685
4825
5149
5307
4809
4795
4780
4854
5463
23970
5000
4945
4797
4851
5582
5726
4815
4853
4981
5767
5467
5409
4806
4851
5853
5152
5817
4810
4927
4804
4825
4974
4804
6501
4858
4798
5672
4780
6214
4625
4834
5043
5694
4804
4670
4996
4833
4803
4893
6482
4985
24048
4800
5031
5845
6120
5683
4811
5910
5375
4841
4778
5903
4811
5070
4843
4791
6020
4810
5394
5735
4972
4868
5127
5600
5141
5795
5446
4791
6013
4795
4868
4785
6127
4808
5286
4668
5014
5175
5830
4765
4864
4628
4832
4867
5204
4793
5884
5088
6143
4812
4811
4745
4968
5176
5089
23978
5357
4784
5365
5709
4806
4839
4802
5251
4791
6335
4940
6146
24948
4772
4931
5975
4790
5897
5776
5372
5121
5098
4845
4737
28115
4672
4856
5782
4852
5687
4866
5758
28287
5099
5556
6038
6139
4848
6122
4735
4981
5180
4774
4827
4663
5950
4813
4795
28346
28957
5504
5556
5096
5000
4800
4839
10350
4800
6247
5126
5557
5281
5127
4964
4765
4975
28301
28365
5230
4974
5849
4824
4815
4822
4869
4741
5275
5884
4802
5356
4808
4819
4655
4817
5780
4870
4795
5752
4965
4953
5055
4953
5518
5940
4810
4905
4813
4796
4884
4719
5037
4873
4787
4670
4817
4881
4802
4770
5823
5507
5081
4770
4963
39407
4782
5619
5732
4839
4791
5014
4819
5381
4890
4791
4802
4814
6433
4834
4780
4801
5731
5573
4918
5331
5132
5500
38759
4815
4802
4800
4655
