Cycles
6020
5124
4916
6504
5415
5475
5149
4914
5315
5871
4789
4780
4761
5170
5646
5504
4791
4718
4794
4736
5838
5353
5665
4761
4928
5706
6134
4767
5473
6173
4854
4698
4709
4681
4871
5268
4804
4745
4666
4757
6748
5359
4744
5037
6080
6018
5102
5015
4780
5281
4788
5908
5875
5687
4789
4785
4744
5869
4761
34873
4765
4866
4802
4713
4752
6420
4972
4765
4804
5378
5259
4709
5292
4741
4802
5776
4780
4820
5032
5880
4927
6206
5314
4847
5018
4951
5694
6712
5035
4801
4760
4743
4753
4750
5744
4791
4791
4770
5323
4753
4760
4950
4985
5277
4748
5756
4761
4972
5005
4840
4768
5639
4815
4940
5968
4951
5587
5258
5601
4795
43843
4765
5677
4770
5085
6057
4806
6070
4783
5124
6546
5849
24074
4973
4869
5112
4946
4778
5683
5080
4771
4782
4899
4855
5565
5922
5672
4769
4799
5631
4771
4761
5234
5985
4802
4793
4743
4743
4726
4945
5830
5479
4793
4921
5650
5616
5475
5921
4966
6243
5198
5283
4773
5369
5063
4780
5895
4767
5324
5441
5277
5588
33238
5236
5381
5304
4770
6044
6236
6057
4829
5474
4797
4787
4757
5296
5814
4777
5313
5474
5609
4737
5039
5011
5809
4745
4996
4952
4790
5528
4770
5532
5256
5490
4776
4803
5519
4779
5748
4854
5026
6031
4997
5160
23915
39053
4754
4752
5156
4754
6054
4808
4746
4798
4767
4931
5523
4789
4772
5322
27882
5680
4752
6079
5554
6048
4705
4704
4712
4740
5104
4765
4727
6193
4754
4780
5349
5191
5442
5901
4799
4733
4772
4797
6135
4760
4821
6040
4741
24692
4878
4929
5730
4761
4754
4773
5530
4858
23717
4757
5303
4761
4732
4791
4772
23961
5266
4771
6013
4818
5309
5510
5329
4763
4869
5878
6063
4931
5348
4732
4780
5329
4771
5936
4707
4696
4772
4849
4701
4776
4765
5878
4748
4985
6144
4765
4760
4796
5707
5478
4854
6048
5187
5506
4798
4741
23926
4798
6028
5860
4818
4797
6119
4752
4754
5936
4811
4719
4888
4778
5208
5986
5208
5619
4767
5801
4778
5228
4769
4768
5747
5873
5044
5009
4771
4849
5039
5981
4968
5651
4694
4759
5139
5516
5145
4748
4755
4771
4716
4749
4768
4722
5337
4737
4771
5489
5511
5102
4869
4791
4713
4784
4744
5506
4763
4849
4871
4791
5104
5824
4750
4857
4994
4780
4752
4767
4789
4772
4758
4752
6780
4789
4973
4813
4780
5343
24822
5210
5048
4746
5845
5542
4788
5912
4857
6019
4812
5795
4769
23799
4793
4791
23777
5432
5590
4795
5257
5256
4752
4959
4803
5765
5511
5177
5695
4769
4987
6171
4860
4759
6134
5120
4869
5595
4782
6066
4739
4975
4769
4745
5607
5162
4982
4875
4802
5128
5014
4758
4785
4937
5327
5379
4763
4934
5209
4758
5076
5728
4754
4940
4747
5152
4728
5288
4785
4754
5534
5866
5962
4788
5918
4776
9001
4788
4755
5046
4762
4797
6119
5572
4737
5006
4903
35576
4802
5463
30838
6123
5486
43843
