Cycles
4992
5245
4666
5977
4854
4804
4696
4817
4815
5428
5966
5184
5244
4832
4956
5318
5303
4818
5670
5752
4819
4896
5467
4836
6618
28250
4841
5647
4845
5257
5316
4952
4765
4819
4821
5764
5551
4687
5452
5082
6301
6072
5876
4901
5951
5739
4882
5344
4875
5726
5018
6087
4736
5378
5226
4914
4879
4789
28605
4819
5087
4800
4800
6227
4664
4795
4968
4776
28989
5743
4650
4808
5642
5929
4730
4812
4959
4795
5260
4810
5715
5738
4820
5348
4828
4974
5510
6843
6164
4884
5059
5828
4795
5398
24645
4817
5173
23988
4838
6115
7001
5668
5339
4796
4810
5528
6281
4832
24149
5445
5499
5681
4789
4791
5163
6078
4771
4798
5162
4788
6282
4899
23023
5476
4946
5833
23921
6046
4798
5687
4791
7215
4730
4872
5070
5061
4806
4783
4794
4793
5635
4912
6005
4762
4831
4934
28279
4933
4814
4913
6071
4831
5742
4846
4791
4812
5044
6064
4844
4934
5440
5195
6190
5215
4933
5164
6275
4914
5670
5927
5461
5567
4877
4841
5638
4806
4896
5065
4905
5962
5580
4783
5240
5095
4713
4778
4710
6038
5514
6126
4798
4972
5418
5766
4789
5521
5383
4775
5662
4806
4763
4909
6804
4934
4893
23972
4799
4812
6025
4799
5340
23992
10173
5567
4805
4791
5100
4639
4748
5286
4765
25018
5115
4964
5555
5452
5167
4770
4842
4791
5809
4770
6105
6217
4944
4817
5623
4957
4802
4817
4830
5015
4818
4804
5912
5781
4976
4785
4668
5488
9254
6499
5813
5050
4803
4793
5262
4772
5360
4798
4810
5049
4804
4780
6119
5763
4786
4742
5143
4642
4992
4791
5407
4683
4826
5856
4849
6102
5442
4810
4777
5823
5787
6859
5206
4791
4970
5677
5635
4840
5944
4833
5759
4846
4834
5433
6318
4789
5309
4691
4881
4782
5934
5287
5004
5516
5046
4888
4846
28839
4792
4791
5948
4813
5370
4822
5322
5770
5113
5033
4799
5813
5153
4795
4845
15245
4800
5775
4834
4726
5081
4780
4848
6029
4856
5767
6017
4884
6213
4784
5164
5279
4890
5283
4818
4679
4932
5130
4800
4988
4804
5517
4804
4818
5474
4787
4761
5281
5773
4990
4629
5558
4808
5033
4797
28322
4830
4819
4800
4812
4878
5357
5653
4819
4769
5331
4815
5985
4672
5126
4888
4836
4869
4801
4852
5745
4836
4841
4845
5808
4840
4720
5205
5988
5891
5501
4807
5136
4786
4816
5458
38865
4793
4685
4886
4829
4711
4895
4800
5767
5223
4854
4851
5836
5858
4648
4989
4929
4893
5277
5735
4821
5266
5301
4829
4801
5344
5364
4770
5424
4808
5815
5698
4786
4838
4786
4830
4757
4828
5225
5935
5441
6704
4803
6422
5305
5393
4876
5033
