Cycles
6026
5785
4850
5917
4811
5491
6302
7001
4780
5666
4886
5052
4784
5287
4760
5081
4865
5176
5940
4791
6383
4767
5283
4818
4758
4759
4817
5698
4830
5369
4753
4865
5720
5661
5554
5823
5447
4788
4662
6090
4793
4789
4834
4786
4773
6380
6301
4687
4950
4811
5819
16883
5296
5800
4756
5076
4780
4765
6817
5234
4796
5821
6584
4788
5311
4763
5817
4898
6076
5018
5192
4953
5750
4803
4789
4857
4975
4790
5888
4829
5694
5510
5009
5722
6346
4726
5647
5069
4769
4871
4804
4976
5085
6031
5320
5568
5247
4864
6178
5497
4796
4778
4989
5479
6577
4772
4829
4778
4771
4728
5417
4791
4756
4813
5258
4746
4988
5946
6404
5055
5235
5500
4771
4942
4867
4956
5015
5743
5772
5133
4804
6086
4770
7445
5525
4795
4878
5573
5505
4927
4852
5803
4961
4744
4830
6249
4710
4754
5720
5440
5212
5879
4769
5703
5440
4840
4793
4825
4797
5912
4778
4791
4793
4763
4785
4729
5973
5200
5465
5575
4840
4807
4745
5784
4780
4905
5566
5648
6007
4877
5337
4780
5118
5449
5492
4696
4788
4989
5212
4927
5555
4776
5927
5423
4821
4728
4752
5190
5292
5249
4829
5495
5066
4782
4868
5353
4901
4729
4868
4853
4966
5825
4776
4777
4788
4991
4806
9009
5394
5024
5482
4774
5240
5979
5320
4957
5616
5902
4763
4776
5132
6664
4772
4735
5046
4806
4810
5351
5035
5867
6637
6009
4759
4996
4752
5162
4772
4789
4767
4791
5586
6010
4767
4830
5797
5417
4957
4772
4847
5346
4873
5031
5440
5327
4785
4792
4795
4801
5767
4942
7193
5132
4802
5657
5337
4959
4772
4783
4766
5489
4976
4762
7771
4776
5778
4674
6102
4764
5683
4804
5076
5731
4825
4765
4794
4724
5363
5958
5823
5590
4797
4772
5664
5016
4908
5400
4757
5263
4878
4808
5946
5873
4776
4854
4790
5348
4783
4940
4882
4773
5946
6811
4743
4785
5264
4771
5378
4808
5720
4987
5549
4774
4820
5122
5597
4765
5598
4745
4804
5912
5687
4845
4795
5117
5959
4706
4801
4814
4893
4854
4785
5257
5011
4796
4933
6000
4887
5512
4784
5681
4780
5125
6115
4768
4774
4727
5024
4798
4780
7318
4834
5813
4832
5325
4795
5353
6586
4741
4791
5644
5497
4724
5678
4786
6113
4683
5515
4802
4809
5216
5562
4770
4754
5365
4873
5730
4756
5937
4763
4791
4783
4779
4810
7658
5737
5072
5121
5422
4776
5234
4946
4768
4939
5005
6042
4732
5290
5238
4816
5024
4819
6669
4782
5037
4804
4803
4702
5857
4765
4735
4823
4779
5952
5808
5232
4774
5758
4756
4854
4797
4764
4772
5437
4809
6111
5590
4856
4888
6471
4786
5309
4918
4806
5225
4903
4764
6290
5715
4871
11396
4660
4681
4806
4888
5808
6042
5005
4763
5937
4786
4765
5492
4793
5912
5803
5525
7445
5235
4953
5192
5369
