Cycles
6415
4853
5908
5826
4789
4726
4843
4956
4735
5385
5547
4859
4645
4791
5770
4791
4768
5525
4813
4838
5181
4866
4676
4878
5635
5357
5689
5291
4966
4914
5465
5616
6089
5781
4829
4862
5607
4733
4715
4839
5311
6611
5964
4821
4866
4983
4834
4780
4812
4793
7781
4800
5985
4795
5302
4853
5940
5525
6145
4795
4774
5464
4823
5607
6506
4783
6182
4791
4842
5889
4761
4765
4726
5229
4763
5554
6536
4650
4819
5365
4812
4782
5724
4922
5169
5259
4966
4783
4817
6087
4817
5206
4782
5027
4821
4814
5711
4816
5603
5888
5901
5693
5541
5242
4635
4791
4878
5840
5007
5234
5890
15624
4959
5972
4825
4843
4712
4795
4758
4795
4793
4916
5113
4809
4768
5915
6336
4655
4849
5378
4843
5374
5885
6040
4806
4826
4825
6100
4929
5131
4788
5447
4816
4832
5042
5197
5201
4726
5813
4812
6154
4800
5456
13843
5955
5091
5588
4836
4907
5262
5627
5350
4806
4665
4799
4737
5164
5454
4787
5015
5016
4810
4815
5389
4794
4785
4772
5703
5988
4936
4897
6117
4782
4797
5223
4789
4825
4785
4705
5735
5364
6049
5678
4824
5530
4780
4819
5545
4668
5819
4858
4951
5304
4944
4819
4798
4800
5797
4814
4826
4765
4815
4867
5203
6066
6126
4951
6381
4799
4894
5234
5518
5759
5776
4847
4804
5553
4787
4870
5370
5393
4735
4798
5042
5087
5558
4972
5802
4726
5149
5743
4903
5759
5801
4897
5276
4896
5551
6050
4741
5799
5385
4656
4715
5045
5560
4931
4869
5873
4787
5480
5009
6056
6046
4886
5019
4676
5206
5020
4835
4804
4785
4655
5782
4793
5514
4873
6646
4808
5547
4957
4792
4809
5893
6123
4838
5808
4903
4793
5102
5277
4938
4860
4830
4754
4794
4813
5852
4823
4785
5179
6261
4800
5672
5674
4758
5720
6070
4801
4920
5004
4640
5562
5394
4822
5789
5046
4810
4871
4797
4815
4935
4798
4855
5661
5914
4814
6560
4838
4944
6119
5620
5409
5724
5188
4837
4795
4819
4793
4813
4957
4864
5197
4839
4806
5057
4801
5666
5035
4793
5381
4832
5444
5517
5523
5225
5800
5047
6453
6056
4780
4949
4800
4828
5752
4809
5567
4787
5942
4804
4971
4776
4782
5048
5422
5063
4851
4807
4638
5301
4776
4953
6007
4806
4786
4802
5780
4808
4791
4841
5381
4780
5677
5709
5919
6104
4852
4765
4762
4826
4726
4698
5959
4791
4797
5960
4817
8772
4802
4911
6356
5601
5801
4866
4812
4849
5231
4798
4728
5745
5210
4823
8973
4782
4817
5499
4727
4776
4795
5845
5610
6043
4737
5730
4916
4767
6666
5172
6046
5050
5962
5608
4797
5135
5342
4764
4808
4998
4802
5125
4756
5074
4986
5657
5209
5789
6602
4795
6888
4948
4818
5571
5553
5676
4824
5299
4975
4821
4815
5007
4798
4750
4801
4933
6142
4789
5578
5387
4818
4993
5053
4774
4821
4870
4798
5962
5050
5666
4655
5393
5759
5703
5262
5201
4816
4821
6182
5940
4795
5357
