Cycles
5513
30328
5220
5322
10467
5730
4825
6061
4683
54369
55354
4656
5158
4832
5850
52040
36317
54523
6070
4778
6171
4808
46557
57974
32432
5824
4819
53959
5750
42016
36118
5329
35487
5944
5354
5607
4791
50284
36921
57774
31692
51524
45572
5849
5603
5949
6020
51684
57615
56667
5611
5113
55404
36504
48591
4784
54836
50931
4881
4776
5355
4999
5804
4716
5570
5848
44032
5544
54436
58791
58359
31205
14472
4817
36601
17401
29631
52125
5267
43069
4893
4787
6007
4834
55784
34671
4772
54224
50235
42981
51747
4845
5438
5272
4788
50829
54944
4913
55877
57541
30183
33933
4789
48784
6199
54054
4826
4923
50209
4872
5817
4717
4902
5750
50231
29445
37617
42199
57001
53678
48958
4996
33480
37688
51364
5527
4849
5290
5536
43075
31065
23490
5534
4677
53497
4851
4940
32519
5066
4834
5253
4817
28440
4821
4912
5231
41176
35857
42352
37674
30227
40617
57741
56746
4871
4821
38962
5031
4803
5059
56696
33010
29041
51795
6650
35948
57051
29724
29959
29630
4720
5788
35629
5138
53762
37619
39180
5609
5594
5876
5053
29507
34070
26050
5991
37525
32842
49221
34491
37631
5668
5796
5788
4783
51254
57110
4799
5551
54283
30504
29268
5799
5124
38748
5604
54752
4793
4802
54110
34588
5361
5065
4832
4802
40375
57063
4907
54992
29108
57510
30609
57308
4908
47363
54305
34301
6132
34130
4800
4731
28251
4651
4946
53933
43213
4941
4802
48557
55737
4835
51313
51465
49939
53737
4804
5310
5018
4760
5170
4834
4797
4780
5133
5517
16558
4850
4856
52516
5575
4894
28244
5450
5424
36197
30946
31376
4798
5973
50121
31584
51941
5040
6035
5161
4757
40280
58194
40342
40862
4834
5834
5165
4680
4869
4826
46492
33015
29273
32002
4789
52074
4778
4778
57894
32044
4688
42693
56212
29393
53641
5400
4800
4804
5912
51498
55950
4791
23860
4774
5556
4758
4797
4817
4830
56584
4804
5465
38998
31333
27650
5355
4825
5224
4817
32301
56946
58808
4783
40869
4819
5556
4752
32940
5823
41461
58114
4791
4796
58395
45882
4808
4771
5091
28279
34448
28831
32624
5570
5417
53175
33270
45354
34162
36740
4665
54254
34374
6022
4804
5370
4832
4976
4836
55179
4737
50445
4726
4899
41537
5668
5826
31535
35638
36420
51654
4917
5212
4871
5663
50237
31352
5002
45306
53545
33417
57648
4799
31837
32974
53949
6219
4795
5089
24115
35573
56902
24849
5203
4691
55099
44617
30534
47807
57023
4785
4785
37919
55581
5011
6056
5285
5972
4860
47146
30185
4631
4935
54948
31102
56726
55936
37513
5024
45818
40331
4721
34670
57584
30229
4992
23699
6009
4769
42007
32015
56600
4869
4972
55485
55031
33100
4828
46803
55801
5173
4789
5220
4778
5601
4783
5242
5064
56875
55542
53365
30774
32216
56644
57305
51175
39258
50090
4829
4810
45625
5329
5649
6027
4982
4691
41751
36098
34000
4674
4802
5305
44093
58899
4901
4786
53125
53618
56767
57665
27302
43213
34588
36601
44032
36921
