Cycles
4778
46308
30459
4947
44251
37606
33303
4752
4668
4778
31733
4865
48181
51795
36148
38977
4802
5217
30635
4797
4767
56771
56443
29380
31366
49893
5538
53933
5437
4769
28482
4785
7093
4940
4895
46826
31041
59540
5912
5720
55559
59851
13773
45362
48485
41640
50267
39247
13210
4776
4924
49334
25991
45740
56687
43718
54616
4987
45423
47237
42816
43775
4778
4793
44722
4789
58087
6161
5176
32330
5499
55646
38411
6917
4812
4757
5707
5694
6056
5435
4741
5670
46971
4701
4711
58960
5637
4951
4888
41771
40224
5245
39103
6094
47621
7258
36587
5901
4754
5087
5405
36545
8524
4782
4789
4756
36123
4797
41952
37085
4708
6015
5175
35599
4783
5186
5579
37184
39206
4931
5087
5344
54872
31598
35858
39452
26700
5813
5972
4933
4686
36517
34702
29579
30589
4763
34120
57356
5080
50015
5356
4892
55909
5778
5123
54248
31780
4914
4793
5722
6111
30161
48702
29448
5575
4744
5413
4788
4706
4873
5914
4882
30305
31404
7395
4890
4761
29626
43923
56078
5912
48146
37481
30384
4795
6480
48280
31709
57650
30264
54384
5004
55680
44935
38602
32415
25551
4921
4791
29904
57488
57171
30497
4796
31255
5698
54574
46177
5134
4765
53116
5309
30070
4771
43177
4806
4832
50682
4799
4776
57017
7165
52705
51795
49010
29257
45701
30829
31273
17686
18737
4927
28335
57905
5603
6045
53762
29859
56996
30691
30156
4925
39283
57052
53914
4957
4901
36510
30650
36174
54433
31195
32860
45390
52622
4797
32210
49717
55871
4818
28908
54514
56804
43524
33433
4681
4855
4913
6039
57685
52328
30119
57175
45181
55631
4827
5109
5438
52808
4925
37025
38694
37958
44243
55922
6102
48634
6042
24205
40319
45168
4739
42006
55860
42768
4695
4769
46504
7891
23634
29089
55717
59715
4705
5568
6136
45837
49716
51827
5959
7063
46289
5189
50207
54935
4739
55445
4851
44841
4803
40602
11794
4979
47097
55399
41711
5903
45263
4784
42064
5115
33784
39264
48242
44124
55544
30282
5422
4955
31685
39500
55453
49585
5449
11323
4814
4776
5037
6026
4888
28608
56918
29628
57344
29413
4880
36486
40927
29372
53258
58218
5592
51056
4760
4802
4805
50750
4767
4758
4767
39895
53132
4821
38876
24708
4778
6630
33097
4881
4806
55916
57326
30571
57219
4732
54354
42669
49872
5314
45984
42133
50736
4929
35925
34616
4801
50453
4807
4929
5051
4938
5002
5040
7132
17524
6011
6143
5832
6244
5814
6045
4773
4782
5800
28737
4905
5034
4798
6305
4938
5859
28296
6125
4819
4955
4802
4761
4769
4837
5290
4699
6981
5625
4768
4793
6032
6769
5735
4806
5787
4848
4838
4776
4795
5773
4791
5020
4803
6002
6361
4769
38433
4770
5925
6240
28677
4797
5491
5536
4979
5499
4791
4873
4900
5701
4700
4880
4748
4769
7439
28457
5194
4968
6013
4739
5854
4797
4789
4737
5011
5759
4769
5128
4808
5411
4880
4979
4695
4795
4890
7395
4752
