Cycles
27709
5949
29977
52538
52145
34006
4823
37114
24369
4797
4823
4810
5459
56555
30486
56262
5566
5026
38638
52341
5665
31862
4795
4722
4802
4817
18967
5586
6106
4804
4817
29851
30248
56560
4834
4657
4796
11261
50140
48912
12154
4935
4806
24317
5620
44688
28881
47879
30435
36086
4813
57296
27052
5736
4789
5201
6236
44127
38235
6158
5382
49738
6056
50899
40051
6534
5748
4769
5097
32631
30780
56548
4800
4817
31613
4618
5452
44339
50149
29836
42889
48607
37659
4784
5155
55678
30124
56937
56289
4789
5150
48298
31739
48891
44641
5595
5394
4881
5136
28231
38387
29602
57778
56637
57780
5350
4663
4905
4828
6048
17416
5074
5551
5242
5884
5883
48427
42544
45113
4646
4791
5088
5048
6106
33569
43025
38357
33532
4707
4827
4834
5128
48388
4853
4896
29050
29027
30325
29834
30451
4795
4855
53776
44567
4841
45907
37297
29199
28687
5292
5799
4842
54087
32355
4789
29205
59355
42662
4828
7247
5888
56672
30385
54199
33998
5331
4862
54860
39342
30075
47838
29245
52045
4817
45697
37099
6588
4791
4908
36164
5821
4770
37467
4843
41731
4708
4819
4778
5375
4787
6286
44070
55218
57158
57298
4925
4860
4780
5717
45691
49884
34061
18375
4817
4925
5166
4837
56877
57864
28970
4814
4817
55566
42706
4836
45470
5441
12937
30930
14820
37297
4757
56687
56724
56157
57462
5501
5551
57469
4772
34852
53328
44991
29551
31866
43126
48459
4786
5744
47382
38364
4776
4985
51039
54751
55840
56454
4788
4824
53979
31121
5026
38083
5150
31502
50843
57557
40194
45265
38348
5620
6257
54121
57298
6266
5115
5804
6342
56123
34422
4830
5265
29111
37529
42539
26668
4642
6230
4817
4798
56518
56955
57082
6163
4827
57188
56874
56232
29797
4809
5434
53997
31828
49693
4657
45107
5018
46312
5842
5478
23898
4625
29758
46111
53311
40854
6014
5394
38173
4661
48733
4788
5975
4797
43622
5376
4796
23954
36446
56821
24765
35388
4789
47207
4983
4914
4804
7249
4809
57873
25367
55503
57972
4922
4825
58323
32337
56990
56227
55665
43482
4819
4737
5928
50390
5247
24043
5682
4953
53437
32117
44215
48127
5763
4827
5139
36202
55810
32553
55119
5745
4895
32964
57830
58508
58551
5573
57099
28834
58376
29885
33083
5163
57922
33985
5301
43070
5199
4845
4871
4893
57160
32932
29160
5338
24012
36802
5406
4899
46116
40565
29501
4815
5377
4773
32244
53052
33220
4780
11061
5823
23875
4798
5055
5233
56760
29789
57514
31497
52300
4843
5434
29296
5016
29363
57754
45142
4933
41576
4806
46596
5511
35649
26389
4613
5372
6165
4847
30321
30163
4653
4651
29635
46498
57344
4903
56262
30357
56213
29733
4825
4819
4937
4780
4877
49265
12167
40844
4702
4778
50066
5298
5037
4824
4832
50857
55300
58136
5735
56959
37886
4802
41578
48204
5015
5085
4896
51192
5875
4800
4825
44563
5164
5706
5188
33221
29637
54109
45576
46905
4878
55894
58400
56093
5647
50793
28837
24172
4946
6001
5558
5789
56636
57246
56080
5544
36781
5544
45142
29977
