Cycles
26705
4819
29915
53557
47122
4793
38018
5322
34558
4796
4780
32784
30547
56761
45805
28304
5901
5238
5454
28627
6029
5153
28244
4936
5393
35344
31484
4857
43036
40181
47608
5060
4859
31091
4942
5413
55693
56344
31400
57592
26085
5729
37547
32117
58270
41018
24801
5333
6047
57713
4827
52006
47753
5707
5113
4882
36429
5182
48926
5140
4726
56510
4934
51538
47674
35426
34022
54242
4791
4804
31644
43906
44515
5037
4840
55355
4782
34154
4774
39976
29288
28516
5624
6236
4840
5071
57404
32476
44111
27013
4801
14927
51803
44808
38682
57333
56186
4875
5054
57730
54517
29309
54331
50342
29828
46141
38863
31387
4776
4681
4730
4776
12729
43584
39973
46421
28231
39897
56096
28931
4652
4810
54745
57704
57657
30346
4800
4709
4912
38953
43418
16518
4793
5076
31867
5648
4882
24104
58031
57559
5348
53350
55844
4799
39485
50954
5788
41124
40051
30296
4778
54925
55354
55897
21528
5289
4676
49445
31646
4994
6631
49911
30858
59467
57586
5110
31517
44840
5894
4809
4823
54373
41722
4776
5015
40640
40079
5024
44028
4813
5441
5914
4804
52205
57308
4724
4858
31186
57173
33035
57434
5863
57238
4828
37725
5385
33451
31054
5104
58236
54356
5921
4745
29704
5407
4797
5996
5246
4809
5240
5074
47800
5591
4803
49847
57638
4815
33604
39928
5493
4802
4808
4815
5134
4795
5677
5566
47313
37310
57760
56958
4977
4747
50568
5803
4772
42811
28881
4864
5971
5078
4778
48060
37649
5038
5188
4784
28274
28640
4834
56350
58180
56646
30700
4807
4830
56072
5720
53062
38152
4918
5461
31974
4813
6117
52635
33092
32374
31881
44928
5808
7033
34985
56520
44744
38128
55833
27049
5039
5220
29085
4806
4787
56479
32175
29737
4791
4782
46716
4771
51384
5225
4799
4907
5962
5510
55866
4834
47833
4782
4689
4780
4832
45499
37888
33986
30916
5025
6152
54536
57510
53484
4814
4815
42012
4793
47040
36547
38900
45316
4613
5352
56019
5567
4765
28324
28324
55334
56280
52316
53607
5648
5056
4994
44044
5768
36763
56854
5817
6024
5329
57825
4837
37928
6147
42094
4767
40610
4830
5270
32709
4791
5955
4817
45926
37308
29562
34365
4817
4817
4791
39895
4791
6113
30417
55391
39398
32233
31318
28905
4811
4748
26804
4806
5245
30696
5477
4765
5611
4780
40939
45856
5502
29630
42992
55238
7004
5986
53726
51000
31909
5187
48779
37612
34983
34647
4838
30866
57474
32039
30086
57176
4808
5646
49371
34110
5147
57162
25903
46855
5999
4819
55621
4779
4789
4680
39795
5879
55655
32901
56067
57160
5214
36590
5339
4806
5825
50578
5596
4787
46777
29845
5009
4817
55044
30221
29559
53296
4787
5035
50634
39910
52616
26125
46213
4985
39982
58689
5473
4826
51345
55815
57441
58510
5094
5597
54600
57395
29437
4782
5546
37040
45066
5794
37467
31397
5460
31552
56480
57203
57101
58610
28002
58028
31836
32497
57087
38304
4793
