Cycles
28517
5912
53013
40789
466819
53782
5288
5605
44656
4724
40368
4847
33324
53136
5629
43366
4778
40166
29525
5599
48066
45157
4774
33852
4847
4958
4740
5823
5590
4763
4907
4784
5434
4773
48669
5977
35128
22645
40589
4870
5607
4772
24740
37935
4993
5121
4871
5419
5258
4718
4936
37269
46113
47623
5918
29544
24729
44688
5045
5923
30273
56409
4769
4859
4741
5229
5447
4782
4741
5188
4758
4724
4842
4838
55941
4767
4929
18311
4808
33387
5600
6128
37340
32575
42660
25998
4760
4998
5988
5017
4758
4729
56151
5357
50911
47526
4689
5582
4799
34629
6022
4992
41621
6176
55542
4886
45723
32379
5596
5459
5296
4927
53359
53145
5113
46187
56307
53436
4821
4802
37506
41926
51359
5443
5534
51939
31849
4765
4709
5361
4841
4748
16930
4986
4992
26616
4795
4712
5426
6355
4936
6126
5372
4706
4931
5804
5715
6031
5400
5156
5527
5839
4760
4757
5512
5566
5404
5195
6437
4675
5124
4824
5728
5106
5877
5291
4873
6337
4932
4726
4782
6180
5434
4890
5365
17673
33582
34027
6795
5532
5675
5672
4770
5800
4780
53346
4826
5836
4734
4985
33657
29869
5161
5733
53161
56929
53378
4761
5109
9124
4739
4757
4757
5870
5171
4968
4785
4832
57849
5131
37193
5177
34236
47518
57490
28825
59633
5655
54417
34558
41012
4800
39052
4758
5082
4789
5033
4735
5955
5981
5860
45332
30281
57545
56407
5111
5031
48056
5899
42221
39735
53291
15284
4951
5164
57139
29186
5195
5618
54832
35403
4860
5787
6485
27602
54361
43014
5259
30858
35043
4776
5365
5227
5717
5518
5605
54158
4752
36843
34256
31828
46512
42537
29864
30389
4823
4929
4850
4729
5430
33930
29163
54643
29795
50516
40235
5567
34993
4891
4762
5607
5496
4806
4974
4748
4795
4845
4871
5549
6020
55518
35688
4765
4789
34161
5143
35571
48462
56350
42231
4771
6359
29974
56737
31130
40237
4819
39960
4794
49226
4998
43269
29831
42123
42794
4948
4769
58592
38462
52816
57040
57255
29218
4758
4869
48956
5112
37568
38532
32633
32819
45932
30393
58672
44677
47405
53925
55648
29869
5400
4875
5128
439685
4687
5811
38655
45423
57272
5480
36387
47592
45522
5005
4786
55171
37818
4882
50911
4759
5014
5117
24877
4753
4830
59538
56257
4746
4736
38035
36329
4708
39305
4787
57635
4842
25080
36756
32663
474882
22172
56304
4943
53994
35629
44312
42727
41707
30642
47770
41371
29993
44486
4799
5609
5395
4785
33953
51017
42371
40742
35767
48368
4765
4714
5043
5976
452625
4902
40492
35795
53377
46427
55546
47719
43219
5728
5864
5448
4746
5938
4699
5463
4670
5506
49233
59082
58320
37163
45196
4901
35709
5303
440994
56986
44133
4739
5523
57100
30024
4782
57098
4741
31145
4907
55169
5153
9887
36086
37028
4886
4962
53990
4717
48086
55921
42010
5158
4806
13742
4685
4817
55417
51323
11253
40969
53458
34958
38639
5194
46088
56529
35623
4916
31092
4769
4718
50950
5780
39619
5329
4777
4845
5419
34631
4858
56210
53291
