Cycles
4789
42990
24341
5536
5344
5607
5808
5193
4808
6128
31910
33538
37508
55908
5400
4836
47249
41446
41740
5417
38162
32730
4881
4785
57063
33178
34319
56955
5702
4882
28398
33184
48432
41852
6016
54221
5810
6111
6385
5329
4868
46077
4741
28786
37515
33580
5076
41669
23575
30199
51925
5569
40818
47356
6139
37249
34128
5588
7055
58573
30205
57672
4912
5131
5531
55738
53039
32687
4769
34307
57089
4787
34290
30839
4737
5556
467884
39461
35888
45755
52755
5201
57290
59031
28691
4832
6668
56925
45798
6808
5433
40048
49939
4813
4803
5062
4787
6706
43111
56661
31791
5899
4799
56059
39993
5555
34351
50163
43380
38543
36452
49149
4773
6850
25333
4763
5151
31121
33735
4832
4758
30972
30231
32655
52387
6072
5506
4835
37489
46596
55562
49805
46071
5587
28300
4865
5123
6111
51256
45681
42314
40622
36245
41897
33150
41826
4809
4864
32050
5726
5849
52991
58575
56868
34796
26289
5562
4867
4796
37892
51817
4832
4754
46738
37494
54622
32782
11619
51879
58452
36530
47658
33016
4823
39410
4864
37078
34173
4895
6185
28322
4771
4694
4791
5037
5003
467346
475778
44159
4789
38323
53365
51854
4978
5998
46040
41886
5798
45848
56711
50986
33668
38988
4840
44124
6286
56426
56646
52322
4903
4775
5074
4992
29176
42018
5158
4957
31763
6066
28825
5284
30910
30927
5615
50417
49219
4802
6625
51447
43053
43681
28400
6398
31857
57617
7368
4777
55501
5517
46570
30076
47299
52127
53676
33679
50749
35347
49913
38028
31858
31968
4868
5988
5059
5937
5197
4768
53371
58763
47401
6159
5069
4961
4805
5949
4788
4817
4763
32346
5616
5193
41704
55439
55559
42604
4754
5303
5210
4754
5855
58522
58393
30908
4778
4776
30804
4759
5341
37850
42552
34158
47351
5668
34497
30036
44068
4769
5517
43632
40631
44194
42824
4764
47633
4806
38438
57229
4769
4762
58186
54672
56750
6136
38182
4896
38700
31130
4927
50035
32389
5367
15933
39394
31693
29834
5270
5532
4743
41524
57112
5957
33204
4963
4775
4838
40277
6109
5996
56815
54233
4787
6478
5916
4769
31555
48552
32001
31350
47414
40386
4728
57240
46261
40338
4922
40493
4816
32799
5922
49492
49937
57357
56890
29123
45637
4884
57873
31709
5975
58704
43055
43430
5404
39226
32405
4799
4953
47544
47526
39761
26863
6511
5074
29905
41749
28175
4804
33944
4737
55634
31612
54835
44691
5653
29315
54693
5060
44546
5419
34130
55601
4808
45342
4808
45961
6650
5763
29323
4828
4793
53093
30086
57532
30346
25864
5996
4774
57264
32676
31739
30083
4782
4926
4703
44904
4800
4795
50520
42299
5096
51807
4795
4806
5622
30611
33431
6672
5806
4769
4911
37521
5510
28672
33262
4788
6404
5983
5735
4995
5243
4791
4791
4797
4826
4864
4764
4918
7424
5287
6785
4791
5186
6109
44017
4896
6051
29448
6693
58173
5920
42496
31564
51537
44082
41988
31491
52631
42708
4772
36588
14855
4752
5761
53993
25721
4786
34637
41440
5482
49805
6850
