Cycles
4903
5441
4998
5390
5519
4711
4778
5948
4728
5801
4750
4795
4821
8652
6157
4847
5279
5847
6550
6527
5771
5024
4777
4907
4778
4739
4735
6003
4743
5156
5029
5248
5932
4752
4758
4996
5586
4912
4763
5414
5748
6013
4884
6223
6059
4882
5382
5592
4823
4765
25190
4914
5787
5024
6318
5823
4788
4862
4827
5696
7659
5237
4790
4842
5705
4763
4803
4780
4773
5723
4795
6754
4752
4966
4780
5025
5009
5091
4909
24052
5436
5867
6221
4788
23896
4739
5404
4750
5588
4938
5536
4848
4977
4825
5951
5825
4775
4757
4789
4983
5036
4744
4782
4954
4785
5309
5981
5866
4799
5484
5527
5186
4768
5802
4795
5413
4920
4914
5843
5366
6600
5518
5480
5130
4804
4768
5580
5124
4746
5558
4752
19028
4791
4784
6029
5996
6085
5761
5571
6104
5041
4805
4787
5731
5522
4935
6428
5277
4973
5640
5211
5280
4734
4838
5989
5294
4759
4763
4973
4843
5231
4740
5735
5158
4810
4823
4800
4922
4757
4855
4771
4752
5444
19305
5000
4752
4931
4782
5888
4983
5130
5131
4735
5659
6132
4806
5138
5331
5214
5359
5167
5907
5184
4835
4756
6039
4765
5210
5091
23876
6163
6019
5570
4795
5805
4843
23687
6392
4778
5284
24831
5616
4774
5896
4798
5648
4793
5810
5037
4744
5572
4799
5858
5729
24056
4806
5461
4791
4883
5487
4789
4979
5655
5564
4730
5934
5507
4696
4827
4857
5760
5420
5186
4782
4784
4724
5534
4752
5482
4823
4772
6020
5878
5260
4892
4860
4959
4888
4784
4770
4743
5134
4886
5871
4709
4763
4751
4734
4736
4797
5210
4778
4778
4944
4957
4797
4756
4724
5765
5877
6163
5245
6061
4846
4821
4743
4737
4748
4742
5312
4756
5466
12837
5579
5467
4774
5789
5895
5549
5417
4882
4763
4778
4962
5741
5417
5789
4842
5407
5379
5228
5550
5795
4759
4774
6407
4760
5615
4870
7030
4771
4805
5737
5668
28271
4780
4761
6066
4782
5060
4771
4726
6214
5789
4784
6290
5426
4976
4803
4737
4836
4765
5366
5772
5150
5542
4903
29123
4804
4948
5117
5342
4728
4754
5973
5958
5654
4750
4884
4938
4786
4791
4832
4981
4719
5724
5469
5800
4698
5691
4732
4804
5767
6234
4758
5912
4903
6020
4765
5046
5487
4774
5597
5084
4765
4748
4972
4752
5886
4776
4733
4789
5906
4780
4765
4774
4771
5200
24661
5292
5095
5160
4724
4771
5094
4750
6148
4824
5841
5079
5564
4749
5131
5212
4754
4823
4771
4778
4771
4891
4752
28212
5961
5303
5828
15100
4800
23987
4755
4789
4919
5443
6089
5145
5528
4826
5482
4800
5130
5491
4760
24657
4790
4778
4855
