Cycles
37742
33391
55538
55110
30773
33437
37969
26384
4708
28724
6173
32422
40384
55160
47278
32599
4802
32780
41705
57358
6108
5372
40446
6057
4709
46797
49207
57658
4765
33971
30654
4767
5901
5989
4803
6875
54992
5512
4754
46408
32283
4778
4901
4774
4670
48924
4753
5778
4810
4975
31763
29758
4735
5040
4829
54890
42399
5774
57439
45763
5724
6119
4925
54864
4781
56344
37710
53602
34819
6729
5320
45576
30756
58788
4765
50844
25425
5109
4767
466410
4752
5316
55541
5093
4775
4794
4789
4860
31460
6133
4961
4784
4879
4778
4813
4778
5929
6009
27259
4776
40368
60004
6175
4749
48682
31291
4888
42262
4818
4823
4683
33190
4761
46522
48216
34617
4689
42236
49032
5464
41575
5968
6153
42227
4763
40016
47422
34711
4804
42883
5877
5051
30960
55126
30428
46593
4800
41828
42083
5621
5632
6001
28201
50600
4827
4808
31518
5467
5541
41912
4801
42884
42114
6241
55583
5796
4806
6020
5650
5651
4732
52479
35607
5104
49323
41783
4892
58621
4756
57925
38208
5451
48527
6065
40125
55841
4707
41321
5400
13276
4803
39894
45349
17951
32508
4929
56902
30050
56923
53015
40522
38476
36152
36265
4968
4765
30637
5363
4761
24705
40541
6145
4964
4778
8711
44200
39150
34990
50345
4768
37526
4782
4985
56292
29389
29800
33351
454153
4746
55868
5771
5621
5221
25602
5732
4810
25533
5698
5949
36994
5264
52310
37636
10260
5713
30031
30173
4686
34499
32575
6065
42310
33471
32454
50378
5015
49118
5121
35677
466463
4791
4819
55555
52749
5488
5750
39002
41305
35834
46832
34326
4808
39410
33428
39954
51710
5109
6303
55106
29736
6143
4777
4799
4819
34974
39827
4771
34569
5000
5823
57667
56754
5052
5687
56270
4771
5194
46829
4782
5130
47673
5588
27955
35231
4784
39207
5722
4735
4789
6161
51047
40612
58711
4780
4776
57212
31204
34299
31888
5741
4791
54503
29784
55545
57644
26274
5675
56758
4769
5052
4817
37661
5588
4791
4774
4976
5194
4922
6808
57223
54769
46260
4838
52114
4791
6782
4803
38291
4799
35901
4868
5102
51520
5968
52898
26745
5992
54766
4703
10483
30197
46684
15461
29525
6083
41258
53164
6209
47660
4784
4739
4779
51197
42868
5527
49002
5338
4771
51900
5083
51851
53333
31411
4750
48693
4767
4875
45890
48699
55490
4808
4828
47849
5046
5639
55056
4772
5095
36432
29359
4801
4828
50654
54179
38709
43977
26812
30806
6091
49485
34964
35961
37791
4856
26285
48533
50442
45587
4754
5138
39150
5218
4778
4698
55420
35674
5445
5056
45547
46006
4791
58089
31438
5715
5804
43239
45210
31198
17507
52358
48369
36385
30004
6009
4800
5376
4778
54262
30551
26590
4801
4786
34432
35500
29966
30789
4841
4778
36281
4799
4772
37853
6489
33685
47243
38194
30581
4793
4966
58482
30257
28992
4709
42541
4781
40775
47032
41124
4752
45463
6032
38040
5860
29718
29928
58824
55864
30325
4800
5061
4856
5469
4860
55316
5221
