Cycles
37904
49711
6146
4847
5547
57206
29063
58275
4850
4849
54343
29536
30415
30905
4851
56480
57462
5431
4822
6050
5216
55456
57017
4673
41240
4720
45314
4905
5664
36297
52432
4921
5719
4821
34635
33246
5726
5181
54209
56125
29926
5130
57864
4637
41995
4667
33491
45710
5568
31814
4752
29612
4800
4797
57080
6515
40669
38862
58272
59138
5408
5388
4703
4915
5651
5009
5140
4804
5130
39455
5707
4953
5568
6039
5029
5983
42302
29389
57927
52143
6046
5128
4644
59175
54585
4807
4789
55743
56461
30856
58699
30259
58052
41429
5359
4796
5689
4679
5385
31802
34320
5575
5489
53371
30698
56413
57484
4799
4752
6234
4642
5895
57031
38921
45729
50963
4824
34797
57968
5553
30301
5845
5059
4843
36964
29907
4813
53459
31782
56723
32587
54313
30748
4923
5044
4642
4673
50452
57750
5028
34515
4746
5284
4961
37964
54207
6637
5145
4845
44403
56093
4675
4848
55719
56560
31279
29413
4843
28579
5359
46868
58353
57227
32283
47310
57279
29886
32845
4854
36735
35568
6098
5731
4761
32274
31957
5273
5828
48352
4803
41332
4839
44079
34760
5372
5623
46547
4932
5613
4896
37202
30865
5193
4845
52719
58059
32905
5819
50122
4845
4627
4665
4778
4934
5045
52276
30158
5772
4638
24508
44678
57754
40457
4806
4642
5256
38865
45006
55460
5215
4814
57258
31145
29913
4825
4780
50953
56566
46090
5348
4813
51012
48898
34327
4829
4801
47371
53981
37997
23269
5581
59014
6512
56160
4799
51672
4791
5737
48306
34480
5715
5986
5007
4787
4813
43891
5190
4795
4828
5182
58101
5919
5809
4788
46976
28892
5881
4783
51711
54601
56866
57363
5597
28318
44722
30052
29432
32977
40576
40274
6035
5395
4951
5219
44116
30665
5136
5353
54140
56348
33843
55317
5961
54653
56004
55509
57082
56350
6463
5500
53378
4866
5743
54587
52873
29581
5633
4819
5272
37757
5017
5003
5696
4836
4706
5031
4788
4826
5916
4825
4845
37968
41059
5208
4771
54492
44388
36934
31424
29351
28968
6067
52175
31033
30424
29626
4780
56838
45293
4849
52773
56425
5282
28099
4888
31024
33271
5864
5119
55817
5069
35240
44816
5251
4836
4985
34372
31661
5968
4849
57857
4730
4785
4808
36087
35230
4791
5984
4775
6180
47399
29098
5207
47881
30078
6063
37979
4817
5607
5802
4817
5076
24853
5005
4776
4851
5762
4748
47165
53555
46600
33325
9603
5972
23952
38781
30184
4843
4817
56947
4808
4860
4819
47728
5953
53182
31918
5500
5977
40345
4815
5107
30696
57212
4877
29959
52098
27907
4793
5743
4786
5115
29492
55598
4996
28638
57553
58171
32881
34993
44451
57655
52573
31268
35852
5746
5305
29122
55142
31228
4657
4804
4793
47017
52097
50703
4992
5949
28557
5923
4789
4809
4776
4826
4647
4869
4799
6082
5130
6046
4823
48901
36838
45882
6046
4890
5761
44191
30121
26388
4737
52099
58338
33402
30579
48654
6345
42003
41191
5377
28207
37698
57707
4826
39302
49330
51578
6190
6078
4938
4735
41534
30851
4798
36432
4798
5864
5743
37997
29913
