Cycles
36484
35919
28821
33614
29115
41212
5691
52395
46509
51332
5756
59970
33168
40777
5616
4854
5249
4823
4674
47301
6127
45266
5683
36247
4731
4812
29581
59063
59624
58532
5646
54977
57030
31383
33976
57655
26389
5451
5315
39984
4702
55938
15927
4947
4789
34113
49630
4739
4781
5772
5151
5615
6084
4826
33636
4838
5862
54575
4938
4908
29711
6382
40325
33531
54494
31441
5631
39405
5143
4717
50168
4912
5536
44840
37376
5798
48453
30037
5746
5906
41694
4772
5035
5982
6402
4810
6074
5302
4787
5723
4811
5499
4802
6893
48194
7533
35029
5402
4853
4834
30170
59184
32359
4793
4823
56168
31771
6793
43911
6074
37605
5480
28344
32642
6068
39744
5446
4838
4754
4781
4787
49343
29052
4845
4877
4873
4815
30692
44300
6806
4833
5867
5452
4777
32972
33137
35835
4806
29352
4763
5322
34286
28957
30507
31800
48835
37569
5681
30877
33610
5199
49310
4737
36569
5161
5683
5242
4761
5577
4789
28954
5855
4789
54862
33815
28851
32273
45150
4820
48339
36456
4795
39027
27289
28767
33264
4777
5662
56128
34806
32467
58232
4776
5148
31383
5125
39779
5270
29955
30164
37954
52049
5221
4856
5876
5804
58398
57834
38636
4789
38658
51740
37299
4756
5659
31746
6828
5063
50506
4801
5407
4981
5887
37446
33662
58434
31641
5601
4812
40017
56157
4765
53529
4778
4981
4975
54917
47235
5077
36457
4828
5973
51991
54788
4790
4845
58171
5590
35821
5439
4668
4698
5769
4709
5500
5434
5885
4767
4989
5618
5208
4819
4757
26080
30439
53015
29877
4765
4903
41008
56449
5286
39627
44327
46056
4888
5526
5439
5241
31305
37528
30262
32363
5916
5780
32767
32324
40366
42344
5488
4787
4776
4810
9906
12183
4806
9774
5708
4999
6212
4789
5113
4864
5016
4754
5657
4764
4868
4790
4903
4817
4779
5713
4812
4799
4828
4767
6318
4765
6037
51315
44966
4763
6231
6168
4821
4702
36312
42397
58740
5084
5532
4797
49615
33830
5771
44093
56622
4775
37329
6143
6093
5534
4975
4901
5849
5154
4802
5541
4794
28778
4687
4881
5644
4871
4769
5292
5398
4670
5482
5247
4772
6082
4949
6117
4787
4705
4744
4819
4799
5625
4849
5043
23695
4804
5899
4783
51416
49805
6742
46695
4692
5984
40587
34806
5376
46881
5770
4906
51912
35725
5029
4784
5110
6052
5491
6236
4774
6134
5572
5266
5167
4768
4810
5009
5024
5353
4683
4799
4922
5175
5899
4798
27028
5409
4785
5188
4894
4808
4816
5480
4806
5186
5892
4821
5802
4894
5746
4786
36001
5555
5350
4798
44874
38314
29869
4905
4758
30629
30054
57502
46019
4819
33031
57856
4806
4806
5694
4802
5193
5741
4847
5534
4750
5215
5903
5219
5764
6959
4774
5690
5220
4843
5616
5278
5830
5266
4761
4877
4706
4799
5273
4789
4826
4689
4657
4995
4819
4753
27810
5348
5912
4773
5599
4832
4943
5923
43551
42795
57462
4819
48793
4711
5234
36085
4793
34637
55236
45466
32497
40377
54659
47218
4912
51475
32625
6806
4877
41694
51332
