Cycles
24505
4821
4877
4847
6473
4838
5241
5706
5055
4899
4936
5329
4744
4860
5474
5852
6391
5521
5309
5519
5000
4910
4832
5244
4933
4771
5884
6263
5704
5020
23598
5193
4735
5704
4799
5061
5065
4903
4685
5376
5830
5551
5024
4818
5109
4762
4739
4902
5378
4778
4717
4838
4746
5299
5019
4974
4762
5755
5808
4778
4802
5609
5158
4806
5504
4731
4942
5224
4759
4670
5638
5035
4927
4745
23216
5992
5806
4830
5651
4808
4834
6189
4763
4757
5463
4733
4783
4715
4867
5137
5808
4789
5335
4781
4803
5667
4790
4801
4759
4763
4927
4806
4787
5022
4757
4824
5413
5322
5586
4972
5076
5025
4994
6210
5622
4937
4877
5257
5180
5334
11958
4790
5258
4782
4905
5525
4817
4933
5292
5094
4793
4990
6529
5694
4884
5464
4823
5171
5808
29911
5506
6058
4947
5538
4907
4713
6067
4839
4793
5040
6141
4766
4752
5912
5233
5403
4787
5562
4812
4975
5979
4763
5294
4956
4800
4826
6227
5912
6141
4735
5004
4955
4861
4957
5194
4987
5337
6348
5748
5344
5651
5741
5717
4761
4824
5123
4837
6447
4715
5238
5275
5903
4814
4763
5279
4763
4705
5815
6074
4808
5856
4752
4735
5905
4700
4754
4907
25115
4768
4720
5051
4746
4789
4726
4975
4735
4851
4720
4756
4734
5733
6012
5736
5851
5942
5925
5428
5784
4912
6112
5886
5963
4739
4760
6391
5292
4833
6141
5906
4786
4769
4783
4862
6390
5028
4978
6389
5860
4715
5203
5579
4788
4932
4832
6219
5271
4806
6013
4726
4783
4778
5608
4774
4814
4743
5774
4780
5856
4774
4994
5901
4786
4844
5891
4942
5834
4776
5151
4772
6065
4843
4813
4780
5847
4735
4787
5482
4815
4726
4754
4871
4946
5771
5612
4784
4796
5559
4912
5921
4879
6063
4752
4762
11614
5493
5633
4803
4963
5951
5140
5139
5480
4735
5374
5333
4771
4769
5212
5434
5720
4893
5147
5525
5030
5037
4706
4834
4763
4762
4784
5768
5197
5945
4777
5566
5567
5921
4724
5006
4759
24384
4796
5050
4920
7182
4754
4789
6058
5543
4686
4778
5966
5368
4890
5389
5588
24432
5668
4766
4775
5231
5300
4762
5554
4755
4849
4939
5363
5102
4734
19675
4763
5527
4761
5815
4943
5956
5596
5843
5003
4771
4780
4781
5368
5253
4821
4739
4937
5040
5391
5953
5981
4735
5138
5664
4776
4886
5549
5906
5203
4752
4737
4791
5763
4841
6203
5539
4741
4782
4888
5119
4877
5053
4862
5522
4938
5015
5285
4789
4786
5712
4968
4873
4804
4827
5543
4798
4739
5923
4786
5465
4955
5616
5011
4743
4755
4709
5115
5852
5789
5111
4784
5607
6295
4752
5596
5175
5275
5020
5013
4731
4797
5547
5564
4863
4763
5426
4721
4770
4774
4743
4780
4748
5888
6391
6353
5769
6229
4761
5147
