Cycles
39191
4845
5506
5703
5300
4985
5646
4689
6592
5562
25529
4805
6277
4782
4758
4771
4706
5920
4957
5752
4765
4821
4832
5981
5115
4782
4955
4801
4867
6448
4776
5240
4776
5649
6197
5156
4780
5206
5366
6486
5344
4776
5875
5463
5925
5220
4815
7240
4797
4759
5590
4908
4830
28393
5357
28190
5439
5882
5607
6179
4965
5439
6164
4785
5018
4823
5447
4800
4776
6089
5314
5102
5783
5281
4856
5191
5623
4897
5794
4941
4688
4776
4795
4845
7114
4827
4826
4931
4957
4813
4819
6013
4841
4800
5314
4813
4802
4705
5035
4762
4794
5590
4752
4771
4898
4810
4832
4762
5838
6260
4767
4754
4933
5578
5158
5227
4706
5197
4916
29594
5145
4934
4871
5828
5821
4767
5065
29292
4795
5502
5443
5134
4770
5573
5217
4717
4787
4812
4804
5068
4775
4810
4834
5964
5323
4731
5513
4765
5172
5262
5050
9159
5994
4717
6071
4890
5552
5307
6009
4773
5698
6124
5823
4972
5738
4711
5465
4757
4752
4918
5089
5182
5752
6365
4788
4794
5767
5245
5868
5226
5142
4931
6115
4742
5829
5724
4982
5277
38895
5289
6409
4826
5028
4795
5443
4809
5011
4883
5168
5443
4758
4780
4810
4903
5828
5726
4968
5445
6237
5457
4849
5537
6072
4756
4760
5592
4917
4859
5184
5249
4750
4869
4793
6596
5145
5619
4742
28246
4795
5977
4805
4782
6338
4761
4804
4743
4948
4782
5350
4868
5666
5041
4905
4827
4778
4780
7297
4767
4892
4733
4770
6154
5012
5821
5731
6705
4825
5128
4747
6592
4985
4735
4888
4752
4795
5598
4776
4906
4810
4953
4760
5763
5307
5994
5830
5009
5887
4770
4791
4776
4808
5489
6821
5819
6059
5911
4797
4899
4773
5072
4806
4856
5206
4882
4798
4845
4798
4860
5422
7281
28563
28443
4829
4767
5732
6735
4754
4795
6195
6065
4820
5249
5022
4802
5583
4968
4698
4907
4894
26673
4761
4919
4774
5229
4860
6169
4767
4834
5867
5614
6115
5284
6321
28360
5983
4785
4779
6007
4976
5362
5644
5767
4787
5982
4819
5931
29845
6407
4754
4778
4787
4823
4771
4765
4782
4771
5910
5662
4804
5716
6501
6132
38844
5998
4955
4737
4946
5562
4854
5862
4780
6670
4773
5363
4802
4748
4756
5055
5009
4783
4944
4783
6065
4860
4777
4874
5696
4737
4750
4853
4870
5405
5060
4791
4931
4876
4748
6048
5204
4985
5886
4759
4932
4879
4759
4797
6880
28263
4769
4775
4789
4778
28397
5618
4750
25415
5093
4778
4768
6127
4827
4709
4849
4802
5433
4988
4996
5995
5447
4914
4798
4810
4801
5089
4804
5648
5852
5931
4806
4853
4769
5644
5039
6113
45081
55735
4942
5872
4744
4917
53855
33854
5287
4767
55703
49967
6591
5062
57854
40718
4946
37038
54264
47980
38918
36077
4802
54479
4871
4705
41942
5603
5093
4763
9034
13693
4785
32698
4948
47699
42919
51727
5027
40171
40392
50162
51857
4817
6849
4778
4847
35617
15660
25626
6549
6132
