Cycles
6213
4877
4770
4694
4867
6096
4849
5258
4814
4938
5240
5117
5640
6480
6326
4927
4817
4812
6028
4877
4834
5426
4988
5571
4818
6551
5638
4804
5994
4813
5219
4806
5869
5857
5409
4814
4954
4798
5631
4772
4791
4897
5604
5054
4801
4823
5677
5193
4886
4817
6018
5275
4655
4838
4768
4784
5428
4750
4843
4778
5955
6093
5387
4830
5787
4911
5546
5355
4972
4700
4672
4827
5432
4897
5871
4664
4709
5634
5860
4813
4787
5797
4812
5026
4996
4845
4804
6259
4809
5200
4776
4806
4821
5026
5344
4800
5821
6244
4785
4797
5410
4824
4769
4787
4797
4817
4858
4888
5608
4800
5638
5240
4823
4769
5238
4776
4870
5355
4931
6534
4944
7938
5860
4849
4730
5405
5368
4941
4818
4873
5997
4814
4860
4778
4802
4778
4808
5623
4664
4793
4713
4955
5920
5154
4795
5428
4893
4770
6180
4821
4786
4821
4826
5158
5556
5041
5590
4796
5841
4768
4841
4785
5938
4961
5017
4754
5462
4987
4849
5512
4840
5447
5093
6068
4767
6359
5448
5335
5462
6232
5996
4671
5735
5896
4951
4819
5690
5405
4947
4826
5346
4767
6674
4741
4793
5006
5059
4635
4886
5705
5940
4790
5315
6115
4815
4962
5621
4842
5313
5895
5187
4792
5703
5003
5743
5631
4788
5268
6011
4798
4927
6115
5387
5821
6076
4957
6016
5508
4802
4783
4798
4789
4912
5648
4989
4836
4650
4780
4844
5966
4808
4838
4903
4964
6735
4819
5718
6219
4821
5811
4800
4795
4795
5955
5215
5772
5022
4783
5448
5566
4972
4830
6032
4951
5532
5306
6402
5609
6536
5824
4858
4976
4793
5417
5412
5854
5595
5932
4782
4644
5592
4842
5577
4843
4847
4789
5053
4795
6165
5594
5169
4816
4862
5745
4845
4799
4823
4818
4801
4832
4793
5652
5206
5667
4838
5566
6185
4809
5789
4841
5167
4800
4784
5582
4657
4813
6018
5577
4958
4930
4830
5403
4899
6059
5902
4911
4841
5220
5742
5018
4986
4659
5505
4787
5813
4808
4800
5899
6023
5716
4805
4808
4802
6048
6074
5115
6160
5463
4773
4832
4845
5718
4843
4946
4810
5765
4741
5596
4801
5787
5741
4644
5521
4810
4813
4875
4817
6009
5331
6214
4957
6069
4951
4865
5387
5912
4784
4770
5882
5504
4983
4856
5346
5748
4708
4929
4794
4847
5402
4815
5752
4810
5836
5620
4804
4786
6003
5083
4665
4782
5342
5806
4647
5389
5756
4985
4650
4708
4821
4862
4888
4965
5975
4845
5812
4830
6349
4837
4815
5099
5800
4792
5292
4784
4834
4817
5815
4793
4785
5054
4698
4794
5683
5722
4951
5776
4800
5212
5832
4785
4901
4798
6091
5400
5530
4807
4856
4797
4873
4810
6481
5583
4763
5262
4698
4774
5979
5877
5620
4683
4862
5635
4914
4824
5756
5625
5417
5093
5547
4806
4776
4862
5877
4698
5752
5765
5716
5403
4832
5594
4650
6076
5313
6232
4821
4806
4672
5219
