Cycles
34728
4734
4877
4921
4953
4765
4981
5659
4780
4792
4784
4892
5020
4814
5529
5391
6175
5119
5281
4872
4774
5506
6170
5257
6359
4908
6294
6038
5564
5863
4780
5872
6029
5698
5897
6353
5633
4795
4876
5050
5850
4797
4804
5418
5512
5644
4817
4897
4802
6162
4810
5681
5921
4942
5579
4722
4674
5236
5696
5943
6149
5342
6122
4644
5094
6279
4780
4935
5621
5216
5475
5938
5314
4772
5175
5519
6055
6437
5246
5616
5400
5119
19073
18732
5052
5995
7138
6089
4845
5274
5640
4687
5150
5262
4793
5080
5770
4825
4942
5700
5657
4769
5197
4765
4812
4819
4849
5981
5327
4763
4840
5006
5674
4840
6029
5894
5216
34166
4832
4803
6111
5586
4797
4970
8996
5537
4792
4811
4795
4983
4815
4868
4906
5715
4803
5454
4839
4759
6016
4855
4864
4756
5058
6070
7792
4816
5104
5832
7135
5702
5992
5940
5410
4819
4845
6242
5374
5455
4798
4816
5869
4796
4886
5099
5087
21445
9774
4890
4832
5443
4845
5823
5207
5387
4784
4835
4774
5305
5711
4938
4796
5713
4793
6182
4919
4795
6111
5616
6257
5793
4796
4912
6195
5081
5359
17648
5791
4832
4729
5747
4776
4869
5858
5100
4831
4804
4854
4765
4954
5052
21834
5698
4771
4819
5935
4888
4687
4823
5509
4791
4994
5638
5700
5403
5685
4823
4801
14485
5681
4935
4795
5636
4882
20213
4942
5788
5015
5618
5901
4772
4822
5384
12733
4799
4786
5381
4920
4778
5372
5044
4958
4720
4907
5231
10074
6033
4670
4875
6018
4793
5979
4831
4745
5354
5968
5652
4843
45092
4659
4797
4893
4795
4797
4793
4827
4806
4826
4858
5465
5018
5080
5470
6042
5588
4828
4920
5007
4929
5170
5078
6182
5415
5120
4873
6311
5619
4815
4642
5780
4806
4815
4793
4739
4805
4817
5888
4856
5182
5080
4898
5154
4796
5552
4795
4836
6081
5441
5746
4668
4792
4674
4810
5270
5325
4925
4986
4798
5113
4791
5180
5072
4988
4761
4813
4838
4930
5266
6245
4789
4966
5054
5994
5334
4800
4814
6063
4794
4929
5903
4737
5007
5121
6083
4787
4921
5051
5635
5284
4786
5789
10036
5143
5994
5039
5910
4726
5292
5415
4802
4778
5800
4916
5691
5277
6120
5754
4827
4837
5946
5033
5904
6138
5784
4938
5471
6141
4794
5395
5140
6072
5486
4877
5392
5551
5672
4802
5087
5796
6171
5002
6240
4989
4791
4837
5202
5462
5048
4808
4827
4821
5039
6151
4812
5592
4821
4783
4759
4799
5396
5253
4795
5342
5434
4888
11714
4940
4799
5205
5510
4864
6542
4985
4994
4883
5195
4793
4794
4640
4854
6089
6257
4910
4752
4825
4842
5446
5312
4840
4769
5307
9312
5156
4806
4810
5261
4830
6201
4931
4787
5779
4797
4916
5147
4815
5184
4764
4979
5819
5791
4812
4804
5493
5594
4857
4819
29335
4824
4977
5757
5277
4735
4914
4815
4806
5402
5072
4970
5141
6057
4670
6678
4798
6773
5067
4823
5057
5581
5201
4816
5081
