Cycles
34248
5365
6141
5033
5169
4916
5503
4800
4862
4795
6009
5095
4797
4838
4827
4817
4806
5275
4920
4761
4998
4952
4853
4823
5174
4845
5900
5586
5817
4935
6025
5076
5572
4927
5973
4890
4801
4802
4903
4864
4678
6515
4793
5257
5878
5290
4877
4826
5593
4783
4784
4907
4890
4879
4798
5971
4893
5141
4981
4804
17580
5642
4830
5756
5575
4750
5070
5089
5141
4836
4825
4789
5960
5892
5106
4774
4762
4946
4776
4774
4964
6022
4931
4813
4931
5428
5855
4990
4806
4759
5797
4845
4946
6054
4821
4812
5020
5374
6056
4784
4793
5826
5808
5238
4825
4717
6131
5458
6884
4878
4863
6087
4782
4794
5419
4838
5579
25691
4847
4806
4784
5048
4716
4750
4771
4762
5353
6115
4815
5415
4858
5314
4860
4949
4789
5307
4806
4839
21660
4901
5318
4794
31352
5696
4774
5579
4929
6314
5158
4821
5385
4710
6057
4924
4797
4986
6718
4823
4935
4942
4966
5085
4819
5599
5605
4867
5030
4791
5026
25486
5082
4804
4831
6432
4843
5350
4860
5559
5852
18619
4978
5504
5284
5132
5242
6821
4797
4828
5190
6132
4786
6048
5579
5929
5720
4992
6025
5341
4795
4622
17270
4795
6085
4770
4800
4802
5808
5003
14718
6057
5125
5063
4878
4654
4963
5188
5475
5385
4975
5140
5292
23522
4771
17736
4695
6137
5143
4787
4806
4804
5341
6057
4816
4802
4899
5946
5059
5735
4873
4666
5167
4862
4800
6028
6091
5978
4747
5207
4827
5025
4662
5949
5109
7254
5238
5663
4646
4713
5094
4709
4797
6011
4981
5564
5867
4798
5860
5557
5059
4804
6100
5700
4817
4947
5111
4780
4829
4773
4736
4778
5780
5771
4744
4836
5261
27723
4808
6152
5906
6074
5342
7011
6402
5886
6037
4802
5210
5411
4804
5549
5290
6005
5555
5717
5316
4787
6372
4974
6121
5746
4862
5169
24544
5292
5013
4633
4796
30178
6370
5063
4666
4793
4953
6158
4842
5227
4846
5508
4853
5897
5046
6048
6327
5419
4795
4826
5076
4858
6085
4778
5576
4871
4880
4750
5182
4787
5253
5286
4796
6135
4989
4804
5093
5601
5506
5372
4795
5214
5873
4819
5093
4826
4802
4785
4819
5647
4791
4802
5774
5151
5076
5510
5049
5301
5048
5037
4680
4687
4817
5878
4808
5066
5791
6364
5348
5243
4909
5217
4813
4767
4659
5890
5709
5044
6096
5890
4857
5919
5930
4955
4883
4815
5374
4791
4827
4895
5005
5266
4828
4826
5553
5690
4799
4802
19887
4826
5182
5482
4838
4801
4860
5010
4801
4782
4947
4912
4822
5683
4893
5646
5791
5804
5834
5080
4667
5402
5730
4899
5327
4860
5084
4914
4877
4701
4796
5644
5340
5534
4925
4959
4744
4800
4819
4774
5719
4771
4966
5331
6488
5467
4804
4804
4765
4765
4816
4676
6673
5592
6005
4868
4720
5983
4908
6235
4789
4752
4929
5287
4946
4790
5329
4804
5374
5597
4786
4791
4821
4873
5304
5579
5122
5128
6080
5258
6469
5639
4801
4803
4893
5419
