Cycles
37459
32346
4769
40407
4819
34735
38871
5925
4808
4785
4827
4893
41850
50879
38062
4922
37280
5586
44224
4731
5659
33945
35434
5305
5627
4862
5199
4840
6219
5126
4884
5795
4834
5480
4769
5355
4843
5365
5927
5545
4899
4812
4828
6316
4854
4966
4900
5087
4810
4803
14790
5846
5369
5521
5622
5817
30426
33558
5322
5540
5612
5490
4898
5004
30318
4828
5914
5828
4828
6102
4799
4737
17012
4836
5158
5623
5901
4925
5212
4815
53309
41491
39602
5759
56784
56277
32080
52613
4950
46076
24855
53322
57670
4789
33107
30357
6147
5366
4823
4879
4974
30382
4968
4806
45668
40518
32363
29310
44053
42517
4830
4793
29814
4795
5193
5093
4799
4819
17329
5053
4873
25214
4790
4823
32314
5398
4854
38543
50646
5057
4789
4817
4801
40709
32115
6171
44131
37299
5048
30398
57492
49315
4802
41500
5704
4769
37882
46011
4948
37586
29145
4883
4755
54875
35709
31262
31266
5474
29484
4808
47865
5437
5095
32888
55864
33238
45364
6162
51006
57464
4908
12939
4964
37419
5074
4780
56553
42138
39265
54223
34273
5800
31279
45055
38865
4841
4806
4807
4823
4964
5670
5391
5121
4832
5246
5748
4799
47643
5186
29170
51749
5649
5284
30789
58713
30915
57275
4801
4837
4821
4815
48065
30415
47287
5848
4841
6595
53540
5279
28817
4845
34703
32645
58508
56957
35479
58109
31175
32338
31879
57167
32512
31060
55374
4799
45542
48883
5631
31193
5271
56042
31364
29594
31287
30875
50361
4917
51438
4959
57984
31428
4821
32313
33590
58076
6093
26011
5588
36229
4791
58653
55195
5688
4795
54773
55035
38446
44146
6087
5007
5398
4948
4829
4711
56977
29722
6154
6083
5274
5456
5957
4839
5054
4791
5848
4821
4896
44615
36094
5860
47283
5528
5877
35511
38226
4811
4910
30212
4832
24095
51525
30834
30950
35684
4910
4827
5784
49764
30611
5808
4808
35735
32841
51296
41021
45205
4869
4851
56363
5218
5990
4860
4860
54607
35109
26750
5425
4800
45762
4816
58475
40152
4821
45783
51685
37709
31633
58519
44628
51322
4843
40528
4871
27969
5389
5713
33227
4893
5227
55262
57284
30789
33990
57051
56348
50678
47648
5599
4888
5320
4787
29205
30681
4796
14162
5013
5262
5616
5731
5643
5057
47298
39642
34903
6476
5920
5627
54440
30530
57203
34821
37344
4784
5223
39781
33087
45743
49496
5637
36251
56585
17837
4810
31268
37762
4801
4806
31359
49972
4800
5875
47375
29423
34169
35182
34753
36096
4907
51680
4817
6042
5869
5166
30065
31236
33163
51861
57143
60588
29808
4916
32886
5639
38619
35711
36119
49993
4742
4793
60268
4890
4787
32918
30890
4862
36497
5622
29695
36074
28300
6124
33657
4827
6439
57927
59998
32749
35059
5044
5724
5614
5181
5735
49101
4866
4696
5491
5268
40923
4785
4702
44736
6200
5395
59054
4791
4808
52673
31639
31677
31780
4922
4985
54747
5389
5727
51611
4815
39469
4803
5238
4803
4841
4851
6476
58519
4816
32313
