Cycles
5834
5064
4663
56111
28706
5212
5806
4990
4656
37635
33418
4812
4853
54057
51251
37461
55383
56531
47660
6257
33251
56167
4905
29494
4860
5042
6022
4890
4659
39216
29825
56797
5824
4806
46334
30661
32256
30620
53268
31358
38206
31387
5018
5545
4819
4845
37133
34212
4791
5666
45215
55404
5106
10370
33326
4852
4996
6542
5512
58044
5595
5793
51235
5983
37910
34340
5514
56245
50995
40671
5003
4812
5628
53183
56595
4804
30880
35262
5834
4858
44322
5357
6156
57992
31341
55907
4868
44563
4918
40653
53179
5968
5973
4788
37805
5182
4821
5841
28504
5618
5251
5226
4847
4804
6337
4986
5800
5944
4839
4977
5502
35000
5925
4786
4783
41710
32596
4780
5705
55853
46502
5612
48038
5235
44794
51250
5571
10611
46512
17834
15924
5940
36885
30728
4780
4823
5306
34973
4821
56652
56562
6009
4798
4780
42762
57054
5040
4805
4795
5812
5794
5502
32815
56235
52684
34472
54494
38967
48429
45633
6055
52981
42087
4668
4758
5001
4714
28678
4824
5585
5938
6454
4813
55168
5391
4827
56277
46866
46187
5864
4663
6346
4892
4745
5553
4704
6082
4931
5477
4784
4754
5503
6530
4666
5739
41397
31704
4711
5305
37578
37822
5110
5817
6136
5594
4830
4775
5430
4917
4834
4866
5487
5018
4841
25911
4774
4796
4817
5477
4834
4674
5670
4815
4828
4793
5650
4827
5607
4762
5117
5581
4819
28847
4666
4871
4675
5815
4866
5465
5176
4799
5383
4796
5893
28244
28916
5875
4789
4776
4797
6642
4821
5922
5622
6458
56633
30506
58756
45911
31713
42153
35724
47669
4975
4696
53850
4800
4813
6709
23915
4891
56959
29711
5042
34795
5918
4782
5057
4786
5597
4767
54910
30964
36186
42504
4782
4778
42539
54501
5161
55278
36640
4845
4881
51786
31167
5119
5652
57405
58016
35005
35076
53918
12145
41589
34877
5141
30987
34085
41325
4813
5218
4793
4934
4960
35335
4897
5086
55625
56953
58133
32308
30072
42978
5410
47807
43100
25897
45963
44991
4979
5682
6005
5737
31273
4811
5230
55211
35905
4678
46323
4650
4612
4910
4912
4841
36783
32318
6251
34858
4821
49137
4767
31162
41388
42066
55629
55146
5119
6042
4896
49346
29633
5564
6185
52650
56923
56449
31493
5287
4849
4936
4960
6466
6032
4731
5385
4659
28834
5036
5220
50955
39241
6573
5736
4934
4657
5504
42833
56791
57763
6175
4780
57618
57318
56471
29118
56134
6121
4735
4709
4819
5028
6110
4765
6420
37372
57382
4804
55522
57592
30337
56592
4782
53244
4756
33042
6322
47414
42395
4815
5617
4639
5556
4882
5469
5119
4736
5231
35875
30268
22809
4659
57542
56970
5585
4824
5247
36822
56558
47142
4741
27442
5648
5375
5294
55955
56614
4690
4901
53201
56687
55523
29154
50365
56569
41891
4856
4737
4808
5257
4892
5536
4981
4741
5585
6466
5597
42153
52684
