Cycles
53825
4998
4746
47292
41550
54804
5349
5296
5886
4778
57145
4887
43229
57330
5376
48947
38592
4765
5001
5639
5314
4752
31440
51781
4754
4884
53180
4803
39415
46553
57227
31281
29240
57079
56599
38757
36018
45094
38616
41431
36997
33486
10237
44079
33521
4770
4914
4855
5151
4759
40176
48461
32815
5806
56659
36934
4778
6289
5344
36007
55471
31473
5106
4743
4762
40168
5072
42264
34365
5037
33512
32989
23174
6255
41894
36709
54929
4845
5749
5512
5492
5428
5039
4895
5929
4767
8044
4863
42091
4793
35368
41193
4914
51090
5909
6313
46180
48793
28886
4884
5158
46071
39977
40273
5508
47542
40204
5588
52726
44208
29197
4755
4806
56822
5046
42459
54362
35146
48801
47993
4782
5741
4894
4918
32335
57687
30313
21816
4782
6085
54662
5391
45531
4732
5490
39847
4696
4737
22723
4849
28250
44105
4750
4752
4847
34502
54894
4706
5184
45810
6156
5588
5716
5113
31213
53899
31005
4825
4753
5020
4989
38185
32543
5069
41014
4841
5693
4769
5251
29795
34907
5664
4900
45736
5254
46464
34061
36564
55936
58415
43815
21365
5012
4931
54127
5675
37941
49404
5076
4834
4972
4741
49423
30765
39822
56041
48656
29276
59143
31113
5199
53339
42741
37115
4860
4958
53725
57233
46252
55303
40975
4735
56057
5039
33983
48816
59214
31469
38321
43885
46235
4996
4791
52559
26503
57102
52093
42219
37624
18524
52136
32951
5258
34469
56475
5635
51633
4739
41062
5750
5453
4910
5072
5280
38159
4770
4799
4782
5603
56897
31312
4775
35046
5005
54352
48300
37788
56691
4795
4787
51541
57367
46462
42457
40581
4741
5074
5391
4724
30817
56515
56518
57687
4796
49519
44211
58424
47596
29792
49864
38564
5519
4770
55557
25318
30677
29538
4845
4763
5774
4984
41772
45433
5493
5810
9994
53518
54107
33787
5316
46412
48034
37638
4780
5339
52894
31383
57134
29956
33106
4784
38871
6123
5734
57178
6020
6212
5104
4817
5470
5120
6052
35960
56808
4680
4755
4753
4765
5791
6192
5823
4789
53963
29767
29132
30439
4806
5365
5732
42314
46568
47399
38267
56076
38297
7197
5372
6318
5590
44222
31732
57748
31680
32548
34328
56034
5929
50905
34967
25637
16083
36502
4802
5178
4796
49617
40299
4763
37222
57746
5424
44546
31562
5465
58071
51257
4756
54812
46010
4763
36177
55071
4795
52142
31566
41139
4782
40911
44178
36841
5641
50162
4757
57424
31155
4740
46936
6696
51866
29199
56411
44675
5499
4987
5002
4866
30803
57882
58444
4931
5849
57283
31338
54334
5324
31003
4728
45538
55067
5953
4771
5065
5929
4794
30414
58802
58337
26252
5069
43010
37042
54168
29944
4752
55074
5509
35411
48254
4899
4747
4769
6134
4936
4774
5032
4918
5821
5871
4785
4743
5444
4999
4951
4907
5383
5571
5337
5860
4923
4903
4793
5608
5873
5523
4927
5545
4787
4765
4964
4786
4752
4782
4791
5675
5106
