Cycles
38883
29020
57693
33376
4734
4866
37158
57393
26025
5292
5796
4978
6181
5860
4769
54875
4951
4743
4880
5942
4910
45690
5730
4869
5910
34359
29451
58409
57729
5364
4760
6141
4940
55616
36707
4814
6068
37427
47402
5361
5471
5813
44790
4780
4765
52318
39643
21050
54527
43405
4730
51766
5212
56520
19304
37750
5931
40699
45192
38500
5191
57748
5167
5810
4947
5440
53291
57223
4746
36405
51702
5421
48749
5534
45880
50965
4869
5594
5763
4885
5782
4918
4720
5004
4787
55717
5398
57391
4818
4778
4733
33899
47725
4982
28869
5126
54083
4769
39752
43468
5160
46583
43072
5024
4837
5056
30715
46883
4780
30595
4778
56997
6005
43543
32404
35161
5655
39093
37690
36365
5517
4977
6021
4747
56856
29290
56512
46736
29985
4921
43708
48438
4724
10332
4771
36608
58786
30007
25107
36595
5271
33448
4895
5653
6036
4758
45478
5175
5154
6179
30245
30449
4756
5837
43656
4799
44215
5616
53093
5011
52449
58396
40184
53835
30276
4847
5157
5704
47738
4759
22166
4772
4778
5994
5427
55900
5902
55743
4755
45494
5653
30125
47470
56152
4774
38312
4797
4981
57215
39481
30480
35072
56853
57999
57877
50560
55125
36910
4763
4778
57696
53143
47954
33195
5312
5722
4770
47462
4782
4700
5137
37906
39646
32683
31972
31305
9161
39569
5680
37714
41042
46643
42228
49423
5529
4933
38634
32798
4735
5409
5327
52188
4757
5538
4836
42280
57194
4960
4893
5244
4791
4990
5996
4765
50224
34182
56782
5493
4728
32867
32776
30817
47581
57325
29428
51929
4735
31936
48058
38621
5001
5107
29996
51763
56812
4796
55635
4758
14279
38854
49149
41064
46222
4760
37178
4786
39120
4778
5616
4834
28136
4878
49242
29743
30190
4979
5983
54554
57283
30136
58324
25754
31387
5067
7799
5443
43267
5489
48952
45332
5366
4772
4737
58230
55566
55402
4789
57569
47421
55717
23190
5959
33337
47397
4771
38950
4757
4752
29137
4895
4945
53050
4773
4752
6896
4743
44958
56540
38951
18384
5288
36673
37792
31485
54661
5953
4768
4765
51065
45543
5376
54756
46499
51866
34586
6063
52173
5808
56702
55203
65734
42760
46423
4764
50021
5272
33150
30154
18574
39373
5702
5665
6912
6402
5264
47052
5931
43405
4756
35449
4799
4773
13459
5081
4782
53682
5534
31212
50067
5729
45557
4741
39838
36288
50285
44180
38973
4780
47310
39012
5773
54471
56337
6264
4836
29122
57082
5586
4744
33381
4903
4767
49140
5325
21799
5169
36042
29663
55990
30091
4822
5148
5229
4715
42697
39740
56249
30691
4791
40320
25458
5812
6085
4931
4700
57254
56077
31681
55685
49623
47023
56950
56546
23955
54729
4771
4771
4765
54786
40623
45103
5739
5322
4785
6013
29970
57778
57105
5762
4782
31901
5419
5484
43548
43583
47993
24283
4774
4752
4759
4741
5396
5880
4778
4808
57419
5162
48656
43852
5638
50845
5299
32366
36493
42226
59392
4756
4789
55416
34290
24326
4742
5486
30013
5487
4877
5793
55925
29745
5786
4776
4780
32895
5219
29551
4756
31936
4981
4778
