Cycles
37941
4870
4801
4808
51641
30372
5385
25363
44652
35161
52700
47105
58260
52950
12990
4784
34107
30335
31793
31045
55549
4832
4663
52566
32379
5031
4729
4739
30587
32756
9783
16196
4811
38336
24719
5431
48222
5822
5597
15042
6188
4983
57839
54578
54959
440700
5547
5551
52969
55627
52145
4755
58780
33355
4815
54026
5504
4737
5167
4802
4789
4890
5849
4879
5074
5109
5661
38975
5318
36728
32226
57091
31834
440554
5136
52721
32320
56817
32470
50684
32616
34121
32043
4758
45510
4765
4797
44440
41688
10431
5851
12377
4990
40433
30715
56298
5931
4838
445830
5390
53221
5054
34898
30543
5787
54560
40003
47347
28265
46404
4743
51961
53102
5446
51386
55784
5331
4765
4703
37272
57593
29957
55512
48479
52371
5886
15952
30168
47855
6134
4813
4777
41671
18854
11171
5072
36912
57162
30439
5222
6063
4789
58346
47661
16616
14275
4812
36839
55821
57344
5238
5683
49032
44338
43471
4812
5793
4826
4955
18878
16922
28633
5007
39398
59491
56851
56345
5973
4883
52659
57151
5054
6363
5603
57808
4754
8419
6579
36093
57181
57108
50805
5497
4803
46432
56017
5830
4817
4932
5626
5538
5983
4815
4770
6036
5038
43055
43904
4799
53352
870417
5510
12165
4784
57974
33202
58184
37528
9707
5160
14289
29067
4845
52469
55037
4871
4847
55350
34596
5001
29828
4998
4767
4840
10668
5065
18755
5022
36107
58519
30884
28547
5763
30396
29948
59146
6005
45021
43942
5635
47220
5072
5958
4773
6181
5750
50188
56486
468150
5547
5884
5772
4884
4875
4834
50673
48760
5618
6099
5156
4768
5470
4830
4771
4793
33694
4718
37441
54777
38958
45772
5823
4894
5680
4812
5906
29272
56575
31018
6018
52490
6471
44352
42139
5756
5070
4815
5340
4782
29357
29358
4817
30071
48589
27905
38184
52409
4823
4820
4794
29006
31245
56063
4788
4806
30009
41790
37107
36090
34577
4820
5882
5300
32220
30304
32147
4823
4705
57927
57688
31987
38336
53442
54435
4860
50389
42377
48697
5603
5599
4828
4959
4814
23952
5018
6444
4804
4804
4797
55003
54904
57151
6511
56894
59668
5519
5320
6098
25114
4882
28845
4795
5869
55804
58374
49244
5306
31652
42956
29963
47081
5166
6128
5016
48073
57070
34839
5612
5945
6011
57789
28920
30892
4809
47932
4655
48678
53216
30501
4711
5852
4724
5644
53510
30199
30492
6063
28661
4821
4806
56147
5668
53823
57506
4796
4709
5763
5817
5036
4830
5003
48390
57841
58013
58154
5238
4651
33813
5640
4966
4677
5899
5905
4880
50890
57203
466096
5648
31810
5778
35796
57140
4775
5119
4892
28361
4936
57657
58787
29690
6428
5772
50660
4990
32560
5775
104437
33026
4963
4768
32365
6158
4836
4654
5167
6032
53972
30803
50879
41156
5331
34805
4795
5512
5053
4813
5989
54062
30134
30007
4672
5773
42163
47661
