Cycles
39550
5432
5639
6238
5730
6029
4810
31528
57121
28866
30220
31846
5285
33205
4801
47580
39439
4809
16487
4850
4789
5400
4951
57974
58750
5276
5422
52129
57182
57237
33527
45337
5456
37552
21325
41889
5886
43845
31388
27451
5980
4849
4793
5193
38703
49473
55497
32156
55063
4832
42066
5785
5210
5554
4687
50313
4757
5912
4687
4710
5775
41982
5117
47686
4797
9320
4789
38048
56442
31152
4661
6086
54344
57304
55484
56586
5865
5468
4683
37144
29702
4756
4968
39496
31880
45017
43077
4804
4798
5187
37668
30398
57303
6043
28398
50773
49639
46809
4815
57350
4997
4708
4778
5162
4831
4791
8463
5515
58688
46808
6057
6746
4791
5400
6249
25648
27421
4795
4806
4813
5886
5018
5395
5199
28242
40511
4812
5868
4825
33467
4699
4637
23628
4806
4826
36835
30795
57968
5564
5826
51954
4668
5389
5189
4855
4804
5782
29652
29190
5019
56949
4845
4981
5635
4717
33467
4769
48369
4747
23952
6153
5126
4873
4799
5430
6070
4828
4979
5968
45360
35364
57149
18040
5508
4761
5646
57943
57479
57831
5376
4787
4807
4932
5606
43524
42439
31325
4791
16882
47028
4685
8078
4830
23983
56633
56011
30959
4793
45371
5381
48826
5910
55191
4801
4832
5693
5001
57618
32625
4791
5765
56107
58430
59117
58241
36429
4730
29635
51425
56953
50445
33156
25938
5326
5007
4836
34541
56503
58233
4899
4899
4871
5760
4756
5571
5627
4684
4830
4824
5600
4875
5520
4879
5202
5349
4929
5819
6683
5350
4804
4860
4795
5812
4802
4763
4806
5649
4787
5560
5833
28484
5540
4698
5510
4962
5623
43917
45913
4940
6175
5836
4804
4890
5597
4808
5362
5060
4834
5855
28354
17011
4791
5677
4752
4826
5489
7469
47187
22011
5431
37139
53839
56931
56916
39344
39606
5431
33855
56482
25488
5005
29041
52297
5553
5188
56419
4830
6445
4864
5395
4812
4812
5646
4817
5283
58275
26326
4821
6104
5879
4816
6134
4914
5150
5245
4843
4803
4799
5487
5828
4888
5642
6934
5448
5953
5542
5642
5439
5755
4809
5774
4670
4994
4891
5378
5601
53748
10270
4856
5015
5786
4743
5567
28227
28404
5089
4983
4983
5154
5880
6601
23432
4925
6078
4849
4665
6160
4761
6037
4819
4808
28438
5321
4833
4783
4749
4784
29701
5692
54247
5402
5650
4903
5115
6061
29186
4858
4797
4668
4914
5333
5359
5511
4859
4884
4745
4791
4877
4806
4947
4813
4775
5326
5949
4927
4672
5728
4659
28655
4696
4838
4748
5633
6061
5955
4828
4787
5534
30828
5616
4795
4828
5772
5888
28557
4793
30638
4890
57145
5925
44850
23177
4797
5232
43046
55777
57853
6627
42189
51907
4668
5925
4744
4798
4692
4996
5048
4890
5786
4839
4866
4802
5672
4785
5068
4849
4661
5492
23793
4784
56955
5733
5236
4941
5813
5694
6205
5545
5374
4832
4811
35374
5564
49537
5849
4802
4780
5320
5359
12951
4810
4629
4802
9723
4797
4778
4785
4892
32318
4981
4877
5659
4810
5376
4683
