Cycles
6050
4819
4852
4803
6154
4834
4775
4826
5907
5645
6054
4855
4923
5006
4802
4815
5150
5718
4935
4793
5666
4805
4835
4793
5344
4810
4830
6437
5821
5016
4944
4847
4799
4867
5033
5672
5380
5217
5541
5256
5068
4886
5007
5300
4858
5309
4938
4750
4920
4767
4814
5739
5486
5774
5508
4814
5045
5361
6210
4774
5951
5871
4904
5825
5301
5342
5041
6171
4895
4867
6093
4847
4799
4806
4772
4812
5992
5048
6320
4900
4839
5424
6130
4787
4942
4745
6024
5270
4880
5255
4770
4881
5655
4798
4811
5542
4834
5323
4941
5312
5732
4968
4778
4903
5236
5780
5242
5799
4859
4840
4848
5333
5134
4879
5869
4872
4767
5835
6007
5401
6528
4976
5560
4818
5455
4718
5936
5770
4835
5763
5520
5819
6044
5724
5797
4828
4933
4765
6035
4724
5396
4828
5040
4713
6178
6005
4811
5069
5164
4862
4804
5755
4771
5361
5284
4836
4782
4798
5684
5445
5273
4732
5155
5603
5676
4782
4815
5566
6281
4942
4939
5093
4741
4917
4946
5662
5059
4849
6061
4888
4907
5395
4776
5179
5182
4974
4711
5087
5433
5130
4819
4814
4899
5550
4879
4877
4955
5798
4744
4836
5059
4832
5147
4893
4819
5314
4809
6057
5530
5244
5395
4834
4819
5399
4825
5199
6127
5739
4824
5059
4843
4787
4945
5703
5685
4838
5465
4914
4821
5619
4804
5119
4829
5014
4819
5726
5383
4819
5460
4847
4836
5149
4796
4864
5620
5711
4839
5797
4854
4820
4750
4746
5110
5007
5750
6490
4920
5723
5769
4802
5838
5210
4732
4998
5041
4933
4845
5068
5633
5399
4884
5831
4856
4724
4802
4847
4832
5735
4810
5033
4896
5902
5737
5080
4811
4823
5444
5072
5050
6013
4962
4909
4810
4981
5327
5860
5679
4787
4957
5570
4880
6005
4950
4765
4819
4809
4851
5307
4970
5017
5719
4815
6238
4833
5784
4810
4827
4804
4802
4917
6614
4834
5148
4854
4827
5660
5185
4826
4896
4793
4855
4793
4951
5071
5599
4834
4830
4868
4789
5871
5200
6588
4752
4810
5759
6363
4935
4799
4709
5461
5647
6079
4826
5040
6109
5096
5853
6121
5031
5609
4827
5804
5274
4815
4847
4825
4778
4787
5184
4986
4791
4798
6117
5543
5549
6134
5460
5026
4859
4778
4956
5024
6003
4806
4726
4828
4799
4801
5322
5822
4806
4799
6055
4829
6014
4812
4922
5042
4835
4834
4823
4852
4935
4837
5972
5236
5123
5150
4819
5352
5998
5538
5220
5981
4823
4877
4817
5610
4912
4780
4776
4845
6061
6527
4843
5799
4853
4822
4843
4914
5081
5104
5024
4783
5629
5687
5452
4850
5852
4789
4811
5335
4796
5478
4812
5720
4731
4821
4898
5949
4819
4834
5506
4897
5674
5568
4873
5089
5033
4842
5647
4934
4843
6122
6182
5905
4873
5687
4783
4956
4981
4847
5797
4945
5179
4828
5300
5016
5907
