Cycles
43989
39527
36578
4890
43632
5962
7216
4851
37322
30920
56341
29421
45781
5791
46795
5530
16641
5841
4884
37665
40819
4769
5607
4923
4726
4882
4786
47956
4804
6203
37318
33658
55637
29372
53907
5802
47299
5257
55443
29419
57562
34908
49667
51533
57473
4942
54424
51403
4757
5004
6299
5106
6651
45710
38919
38703
54609
4904
4800
37121
4935
43429
6106
5224
5275
5593
4791
5005
46239
57229
6041
57371
56795
4896
4787
5612
4827
5373
33089
47522
4785
56079
5424
29559
4765
56940
56101
5362
5886
49581
36063
53559
28730
5341
5195
4885
5763
6862
4916
38602
49760
4726
5325
5031
5570
4739
4733
53825
4929
4832
5303
5348
54577
43159
36281
5996
6076
52453
57607
57547
57352
4789
4692
5966
6393
34991
27179
38245
5425
51213
57179
40550
5024
4866
4765
5879
6020
49278
29729
32846
34056
4841
5346
57791
30516
4688
4948
4796
4768
4848
4760
4897
37634
6208
5156
6601
4735
4791
4783
4793
28946
6070
4801
4795
4785
29395
5738
4795
4883
4813
4834
4739
4991
4962
4769
5596
4713
5476
5363
4797
4929
4780
32471
30706
40010
5776
47233
48971
48718
4970
34857
5938
50675
47859
49006
49540
33672
31631
4788
4789
30700
51488
45518
4966
5797
5400
32914
33285
54050
34946
4937
30305
42792
4802
4831
4813
4743
52745
56916
57645
26316
4786
5727
35942
54306
53553
5290
39692
4765
5527
4756
58104
29526
57456
30111
5358
5413
5638
4929
5398
42380
47516
5785
4804
54843
58875
58082
57121
30236
6078
26934
6018
4791
6506
6056
49474
4799
5016
55892
5009
34354
4789
4765
33752
25197
6202
55308
47520
49715
53745
5193
57378
5169
4756
29807
4772
52154
47704
52966
40083
4990
5826
34938
29854
32808
58422
6137
5281
47554
30111
32169
40182
4847
4789
57407
44842
5696
49161
26097
34763
4765
38555
54890
4778
37959
34295
49513
52689
15316
6543
54967
5247
49931
36578
53826
34771
49361
5381
5292
41060
4819
5452
37366
57310
54402
4815
4799
5508
39863
4821
55078
45193
46725
40245
30545
5216
53517
5400
4786
4784
54244
35291
58600
34731
51302
5858
37241
57740
29379
5944
5253
54007
31069
41625
43009
58067
53112
39370
5981
40258
56551
6040
4757
5359
4780
48412
54918
31067
4826
56944
55572
55794
5899
4921
5926
57757
50142
37418
5734
50950
49401
4990
5905
4892
7698
48332
57692
57756
4704
46930
40560
4767
18101
5847
6113
5506
34534
57380
57070
4774
41412
50427
45188
25322
4804
4760
56093
55614
57519
30252
49248
37162
4771
37726
4740
37532
4828
36298
4787
38822
5984
5600
50441
41364
54743
37070
4767
43723
4697
36890
5858
6016
6075
4748
5946
4789
4743
4808
5098
4780
4769
5001
5799
5904
4918
4817
4739
6153
4823
4789
5888
5344
4972
5931
5253
32216
5377
4922
4801
5562
5984
4784
5785
4760
5530
