Cycles
7093
5413
4754
6108
4815
5225
5937
4793
5709
5303
5759
5003
4823
4938
4901
4748
4739
5182
4789
4856
5439
4821
4782
4795
4817
4801
5612
4780
4963
4823
5478
4981
5385
4672
5618
4794
5521
4696
5463
5387
4827
4851
5097
4795
4922
4718
5640
5851
5195
4765
4910
4782
5668
5078
4923
4817
4797
4822
5419
6089
4812
5527
4817
5775
5150
5726
6052
9424
4798
4771
5452
5666
5136
4735
5793
5737
5040
4791
5136
5363
4668
4815
7433
5632
5519
4823
4847
4768
4791
6266
4795
5049
4765
4839
4761
5904
5005
5037
4782
5483
4981
4772
6890
4879
5854
5659
4773
5164
4793
5399
4673
4829
5052
5744
5232
5136
4784
6274
4940
5279
4845
4803
4847
4938
4786
5093
5623
5038
4804
4827
4823
6173
4918
5760
4787
5709
4674
5737
4798
4802
4793
5691
4862
5370
4791
5445
6368
4800
4814
4918
4912
6709
5996
4782
4850
4765
4884
6458
4824
4793
5490
4840
4818
4774
4789
4804
5674
4987
4950
5903
5012
4786
4792
5966
4796
4929
5623
4737
6128
6141
5549
4863
4961
4778
4813
5935
5689
4719
5469
4964
5397
6029
5467
4886
4680
5680
5424
5907
4912
5824
4655
5128
5866
6005
4937
4834
5434
4919
4658
5165
4787
4883
4975
4806
4785
4827
4938
4780
4878
4815
4854
5312
5641
5115
4845
5571
4779
4791
4806
5975
4787
4957
4810
4962
4748
5063
5108
5326
5186
5879
5234
4968
4957
4772
4669
5709
5024
4798
4804
5180
4808
5017
4832
5595
7102
4992
5363
5294
4828
4786
4726
6938
5620
5015
6103
4793
5807
4813
5588
4806
4918
4872
6195
4627
4886
5001
4797
4827
5387
5443
4752
5327
6081
5784
4835
4767
4858
4821
4959
4914
4988
4776
4793
4886
5903
5044
4764
4819
5551
5009
5210
5173
4817
7513
4921
4879
5610
4903
4925
5631
4799
4798
6290
4785
5025
4924
7497
4806
4823
4907
5769
5284
6073
4853
4998
4890
4994
5953
5112
4877
5840
4814
4786
4927
4770
7218
5452
5652
4680
6044
4802
4929
4787
6029
6128
5039
6005
6355
5173
4830
5068
5526
6608
5092
5023
6007
5390
5201
5035
4886
5513
5588
4672
4789
4798
5281
4895
5078
5676
4925
5037
4972
4862
5732
5115
4959
5023
4925
4822
5355
5568
5740
4947
4798
5069
5703
4947
5065
4986
5594
6057
5056
4819
5968
4785
5205
4793
4880
7979
4647
4878
4857
4779
4847
4879
4903
4828
6000
6029
4795
5149
4897
5725
6050
5272
6027
4994
4819
5761
5751
4742
4834
6080
6005
4800
5301
5945
5707
5376
5658
5675
5601
5028
4821
4813
5972
5219
5763
4892
4921
5746
5793
4816
4772
5385
4797
4774
6053
6100
4640
4786
4799
5014
4972
4782
4786
5079
4765
5766
4704
5783
5268
5289
4927
4722
5663
5109
5005
4812
5052
6979
6128
7034
5817
7054
4783
4776
5884
5407
5642
4797
4802
5106
5044
4914
4865
5621
4869
4754
5422
4640
5301
5035
5039
5840
5284
4817
5186
4674
5612
