Cycles
5747
5884
5795
4795
5554
6059
5738
4817
4881
4792
5118
4780
5895
4765
4808
4890
4774
6096
4677
5210
4981
4810
6793
4883
4809
4806
4840
5331
4856
5275
6113
5698
4985
5841
4787
5144
4793
5078
4771
6432
6060
4789
4902
4851
5742
4836
5186
4811
4801
4896
4835
5707
6158
4760
4810
5299
4780
4814
4780
5417
4798
4886
4802
5783
5355
5945
5642
4732
4837
5951
5327
5547
4783
4800
5225
4880
5313
4834
4981
4815
5940
4892
5385
4838
4862
5254
5867
5957
4953
4793
5173
5350
4839
6032
4782
4812
4797
4790
4810
4823
5361
5126
4789
5936
4810
4886
5251
4858
5031
5238
4793
4992
4836
5258
4782
4795
6115
5417
4869
5274
4961
6031
5119
5135
5508
4859
4639
5616
4705
4818
4951
4796
4826
4976
4805
5029
4812
6366
5345
5309
5019
4854
4759
5152
6355
4828
5206
4848
5752
4944
4811
6163
4760
5899
5715
10646
4807
5832
4777
4873
4769
4771
4698
5376
5665
5675
4949
4994
5634
5411
4858
5147
4801
5307
4955
5114
4812
6028
5081
4975
4819
5554
6383
4986
5603
4946
4770
6015
5852
4858
4899
5566
4972
5203
4842
5683
4923
4931
5521
4763
5033
5689
5240
4922
4826
4810
4769
4791
4836
5737
5832
6010
4793
5823
4817
5234
4941
5831
4814
4912
5430
5055
4795
5590
4800
4789
4646
4789
4798
5862
4818
6143
4860
4841
5175
5942
5376
4886
5012
4775
5772
4791
5519
4973
5039
5292
4881
4785
5186
6072
4938
4806
4880
4802
5586
4845
4821
4828
4821
4895
4992
4999
4799
4782
4784
4776
4902
4808
4728
4734
4641
5696
4765
4667
4877
5592
4892
5007
4776
4875
5216
6039
4763
6221
5391
4813
5765
4817
4819
4849
6124
4815
4797
5297
5668
5480
4772
4776
5989
4916
4808
4785
5786
5877
5059
4821
4804
4811
5352
5576
4784
5651
5521
6139
5534
4775
4819
4828
5383
5376
4821
4802
5367
5651
4821
5009
4819
5745
4893
4776
4772
4905
4808
6033
4789
5474
4795
4893
5750
5656
5036
4776
6614
4821
5054
5392
4669
4828
4672
4776
5275
5004
5987
5521
4812
4934
4834
5471
4790
5148
5520
4814
6601
5137
4875
4832
5357
4791
5155
5415
5310
4817
4746
4824
4819
4774
4795
6248
4759
5208
4787
5091
4909
4808
5780
4979
5443
4799
5013
5508
4857
5052
4802
5590
4812
4801
4800
4778
5587
4765
4802
4717
5633
4736
4808
4653
4851
4830
5059
4796
4839
4827
4765
4832
4800
4776
5370
4818
4797
4816
4812
4802
5430
4809
5122
4806
5514
4781
6208
5260
5264
4804
5806
5154
4934
5659
4845
6085
5864
5757
4808
5714
4798
4819
4802
5318
5378
5197
4828
5089
5912
4893
5393
5707
4871
5441
5454
4830
4769
4825
4787
5532
6426
4839
5382
8558
4793
8558
4797
4830
24847
4851
5633
5013
4790
4776
5480
5297
6124
4817
5216
5592
4938
24369
33839
5376
5234
4810
6015
4955
24767
5029
4826
4886
4789
4806
