Cycles
4847
5732
6024
5138
5321
5445
4959
6171
5031
5880
4891
5750
4912
6156
4981
5881
4769
5618
4793
4775
4772
4788
4722
5944
4965
4756
4901
4766
5101
4815
5093
5475
4765
4758
5400
5223
5460
6046
5476
4791
5145
5435
5929
5638
4741
6245
5329
5709
10871
6104
5018
5303
7126
4787
4793
13347
5997
4795
4957
4801
4811
4957
6221
4906
5044
4801
5353
4855
4756
4799
5467
5353
4767
5208
5519
4739
5892
5776
5230
5981
4791
4675
5835
4795
4784
4795
5575
5884
4990
5750
6083
5670
5992
5951
4862
5723
4817
4706
4850
5053
5478
4810
4778
5205
4817
5083
5324
7165
5128
5890
5819
4807
4800
4857
6465
4804
5910
4750
4970
4804
5047
4882
5940
5266
5389
5500
4779
5085
4912
4832
4730
5129
4776
6169
5843
4741
5046
4799
4769
6013
4834
4872
6117
4920
4812
5595
5583
5748
5260
4773
4691
5364
5149
4902
5439
4938
4912
4723
4950
4873
5020
4855
5076
4912
4774
5120
4702
4797
4786
5171
5266
6610
6182
4784
5927
5787
5761
5860
5742
4819
4771
4873
5449
4694
5323
5320
4806
5689
4758
4793
6038
5085
6392
7674
6058
4802
4772
5271
5653
5467
4922
4852
4676
4739
5296
4787
5765
5113
4819
5359
4840
5575
4822
4689
7841
4847
4732
5821
4715
5497
4695
4784
4776
5711
5645
4724
5810
4767
4700
5329
4737
4750
6093
4881
4808
4765
4960
4959
4765
6070
4758
5822
5718
5927
4782
5156
5906
6271
5016
4733
4778
4845
4786
5553
6031
4766
5564
6298
5151
5348
4844
5933
5765
4819
4806
4856
5021
5523
4821
4826
4780
5742
5599
5587
4784
6065
5392
4986
4789
5871
6629
5485
4797
4968
4910
5262
4789
4761
4791
6096
4798
5005
4824
4848
5311
4778
4778
4763
4796
4806
4789
4776
4819
5877
5048
4781
6115
6665
5277
4735
4750
5917
4832
5175
5798
4825
4795
5755
5568
5022
5058
4775
5212
4750
6048
4765
4868
4757
5233
4706
4763
5316
5012
5413
4767
5614
6092
4780
4789
4750
4762
4814
5612
4792
6073
5666
5255
5720
4853
5035
5498
4810
5102
6350
5855
4785
4750
4865
4826
5106
4791
5216
5454
5558
4786
4813
4882
5454
4836
4794
6145
4899
4760
4957
4754
6880
4795
4836
4786
4821
4815
4809
5843
5443
4717
4854
4760
4812
4790
5219
4959
5703
5627
5661
4799
5625
4804
6256
6016
4850
4950
5247
5436
4843
6036
4789
4772
4763
6138
4765
4806
5702
4674
4799
4774
5765
5277
5176
5489
5747
4773
4795
5053
4871
5912
4774
5856
4795
5765
5454
4850
4958
5847
5544
6549
4783
5618
4749
4798
4915
4761
5673
5156
6013
4782
5217
4789
4782
5315
4795
8033
6026
5635
6381
5035
4798
5366
5072
4685
5269
4682
4964
5498
4690
5778
4685
5359
5238
4889
4902
5715
4910
6065
5021
4695
5205
49786
13347
4847
