Cycles
53502
4806
45470
54164
54013
56868
29094
5594
4789
28238
5992
36364
5755
46243
10180
4776
4931
4957
5074
4825
54587
5413
5908
6764
4827
48018
57063
36920
5798
4789
50531
33000
30272
57285
6189
4823
53352
31086
39517
4765
35091
4832
4804
5005
5003
51512
30294
25763
4762
40014
47857
37664
39576
46956
29791
55519
6011
6162
5265
4849
57749
55910
37676
39079
5020
30616
56714
5776
45024
5074
5009
40643
34828
29733
55021
34424
30599
44651
46224
45090
5774
43809
36817
51902
39526
5707
39869
57167
39578
4932
59148
32471
56346
5557
53767
37753
4830
5231
4800
54603
57977
49851
5994
44563
5910
4803
35856
56600
43299
42831
5128
5787
32389
51087
4781
4775
43589
5500
39072
4718
57316
4837
4741
58378
42746
52138
32689
4894
4908
4830
5012
4810
53203
30191
4799
29779
32983
17697
36602
34167
5787
46563
4752
4758
5895
5193
4711
4940
51989
57156
4757
5091
55415
29117
58723
18116
47919
5717
37263
4908
4890
49400
6140
5572
58505
55745
5092
5281
5737
4796
4800
4789
47358
31066
5311
6358
4799
5335
5696
57795
58763
4810
4949
58016
32720
29214
6506
5398
4828
5605
29397
55486
41610
31986
5775
43066
4931
4856
6605
4722
50672
5452
4698
5569
5137
5229
4914
4847
35819
48544
42460
51630
42283
5091
32554
31579
5311
38813
5718
39735
54568
57093
6156
55576
6163
5104
4784
5449
5327
51361
53142
6696
4791
50873
29320
39835
37740
5288
30218
4776
5460
5179
4776
5940
6198
49771
31841
51069
33276
42262
39577
5560
5000
30658
43617
30178
5070
6247
5026
4803
57054
30162
57376
4892
5815
4768
4731
48986
4730
4957
4776
31870
29754
55965
32020
5666
8543
48168
8052
36578
45438
40839
55193
56514
48138
45148
57238
4977
50879
49931
4776
5040
29409
5817
4787
4801
44814
37295
54802
56743
45993
4765
44237
50544
36772
43018
57052
30471
4989
4977
4888
40833
35655
36503
43191
35023
6130
35171
4780
35843
5480
6826
35502
55456
4739
4756
48475
35681
46666
49309
34843
47194
33894
4782
44524
49130
4760
56636
48295
53797
58797
54966
57963
5968
4792
37709
55929
40115
4780
29072
5998
58275
56289
35898
45124
29834
4776
40115
50458
4770
5396
4787
41234
35848
5830
37424
5975
52548
4759
5743
5145
32551
40585
49065
29769
6058
6275
5001
4777
28617
35500
56655
4773
4773
5603
34981
37638
5042
5936
48222
4741
4780
4765
5153
5724
5555
6489
5052
4871
43560
57373
4796
5919
52097
55216
34202
57894
42067
5046
4795
4825
53974
6076
5670
51558
29247
29893
35117
5207
4795
57611
32055
58761
56921
46107
6277
4715
5663
34112
29887
56769
4955
30251
42246
58031
30594
30767
37404
47222
42611
59463
35374
54413
4758
5984
55674
5616
5299
5908
4773
5040
53142
35819
56346
