Cycles
4832
35984
4822
41720
49696
5074
6077
4726
42885
56891
32270
55378
55551
4847
39848
42022
37904
4787
47736
4809
40742
42794
6007
28088
4823
31612
40671
41094
50685
35592
4946
5130
5674
4622
4862
5004
53642
28891
4802
54186
49179
32335
5711
4851
4797
31778
6150
4691
4670
5618
40243
30607
5595
4837
5916
50808
5594
53677
4810
45932
44239
53641
57933
57247
51925
38573
5410
4722
28267
46671
56920
4816
4819
5007
4808
50598
49339
52586
53822
5054
4775
5022
4834
37139
53983
4836
4971
50827
32800
56860
31275
4823
4894
35920
41087
5078
42487
5471
4802
5275
4727
31622
55611
4952
35640
43775
5514
4835
4942
45788
50013
41362
5066
27875
28242
5336
28303
49094
30383
32790
44098
5557
4858
33287
49332
5993
5356
5040
4914
33050
5421
44354
41399
49929
51282
4779
10843
55668
4833
23708
4950
4953
53075
28952
31903
5610
5772
17399
25173
5978
4870
4981
4780
41932
58277
5361
23382
6113
29607
40222
56865
5668
4940
4832
39711
29898
29169
5108
4871
46433
5996
4903
4816
5348
49203
5845
4791
6674
4791
4808
5460
53529
57122
4818
4795
54848
56771
54296
57803
5829
24093
5616
48675
57350
5145
45282
57436
6123
4854
35982
27294
5724
5307
4847
55221
31331
57451
6052
4653
53017
57960
49680
43703
5024
4953
5632
4875
4864
29248
4817
5452
4823
4810
4823
4920
56177
37021
4972
39315
29888
52451
4788
5728
41327
6214
17059
5450
37385
39137
35439
31799
4829
4968
4900
51488
54959
57081
4856
5540
4819
4858
36201
5132
51408
56210
31199
5843
4801
4800
4801
44848
30332
30564
5082
53879
4811
36760
53588
4819
33113
6004
27909
4806
4826
57640
55247
58342
55736
5268
32402
31249
40507
4854
4806
5030
4964
33949
29726
4800
5915
55631
30607
36839
5406
4832
6150
37455
55324
54946
5821
5217
4820
33493
56174
42891
6012
5785
5046
4925
58048
4808
31032
33830
49581
4780
4696
6121
4646
5968
42639
56726
56830
55703
4787
57294
31548
58752
34715
6025
47356
37547
4938
5808
41038
30383
44264
56823
42695
4791
41844
55987
4795
46692
57041
56978
5761
5589
4813
39842
57566
25527
5665
4849
5564
24291
50481
56670
5203
4877
25160
42120
46437
34165
5919
4920
4994
50819
47228
5603
4819
55112
36188
41985
4793
27955
28218
4825
36946
40072
4801
57929
55445
41589
4707
6063
4907
5657
4798
40292
58132
4834
39582
43163
4761
4647
4722
41578
4814
49409
30135
25712
6305
28907
5618
4882
4834
34776
57039
5363
4769
29657
30186
29968
58145
4901
4787
5562
54374
35927
4797
5633
4655
4919
56770
55845
55799
5013
4806
53803
30227
4813
48937
5692
5350
47636
5826
5231
5808
4825
6033
5126
26084
6192
31776
37305
4828
40733
44128
5664
4707
5217
4903
40742
