Cycles
57709
56942
29799
4839
49116
34477
56419
5953
28260
4851
4785
48970
5754
52458
4826
51030
5650
34198
47980
4882
5022
56277
35453
4752
7294
49860
30951
6048
55378
37918
33480
40600
4959
55361
4799
5886
36521
5134
4888
41632
6079
5809
56481
5469
4836
54735
57188
29972
31629
4757
23924
37346
33713
29885
32069
31398
4760
37398
54579
30342
5662
4819
4696
49762
30851
4899
5055
56806
57883
6713
29463
44540
46207
4899
56652
39938
38562
27594
4717
4800
56460
5367
5612
56402
56836
4754
57783
48453
51747
4778
48191
38664
4760
4765
4778
5362
43431
48920
32365
56201
5286
35601
48054
52518
40979
28888
36865
58195
5951
5000
41744
5603
4722
56218
4779
52880
5076
44500
5005
39850
40831
55892
55794
56979
6240
37510
47990
48093
38010
4799
34655
43978
47031
6042
4840
34443
52965
4825
44814
4726
5665
39993
4750
51149
58927
56187
37784
54851
29024
46199
5259
5089
10392
4743
5568
24628
43593
4785
38558
53033
53818
39470
5858
35217
39194
4962
52885
55080
32357
4691
5560
30597
41576
47032
50790
42398
31130
49559
46052
4755
5811
56424
4798
52606
42318
36672
5940
57458
5124
41543
4744
4776
30512
7448
45085
41819
4762
4812
58642
25156
4695
5569
4787
4783
38187
42564
6074
5796
39018
47736
33849
54898
55886
22119
51747
4716
34323
4791
58471
4749
5180
44140
30201
4899
5813
5082
34941
35923
52017
39448
43696
25379
23794
4746
36589
4821
4798
38508
57037
40990
48490
35117
5038
33658
34128
6352
37010
49313
5022
4808
31608
4764
4862
44923
4819
5372
30952
4747
45881
51499
42184
4916
4927
5776
4722
56438
4705
43891
31086
5540
50991
4745
5048
5616
40802
4743
5022
6236
6014
45121
4769
4821
43012
4955
30554
38731
5382
5936
45537
4847
45404
24039
38355
29985
31030
4764
52609
56698
29410
5615
35856
47317
5832
4771
38273
4763
30545
34709
4806
5333
41762
58167
5299
5803
32541
4774
53287
6891
4741
37339
32821
4798
17856
4782
5151
56824
4696
5806
51984
46042
5562
36249
4778
42683
30017
4765
5177
30798
4757
57234
5893
5750
58284
56056
52212
43686
4795
4782
31577
44984
44693
4968
4898
48222
34068
4743
5893
29798
5536
4752
4817
43725
5325
6024
4834
32320
42745
4772
33891
41742
5499
4865
5456
47416
4987
4884
5005
34342
5022
5410
26548
4979
39348
4782
30826
5923
37757
36020
56631
5318
4825
45258
41135
40608
39111
57788
55128
33915
40174
32225
5757
51125
6210
5877
6062
34527
35621
48082
5528
5070
53663
44380
35984
51811
30467
4795
59112
47287
5961
49270
5882
55412
46280
37117
5841
4858
31091
33728
35804
4735
5107
5961
5164
5439
5095
4965
4803
5271
5305
4730
4778
4906
5603
6204
4976
24043
5385
5156
4766
5517
5179
4878
5016
4821
5508
5143
6044
4972
5271
5597
5579
5450
4946
5251
5013
5799
4739
5499
4744
4759
6140
5732
6109
5945
4838
4944
4754
4950
4995
5189
4787
5808
5411
5389
5069
4766
5374
4795
5923
4834
4898
5022
4798
4821
5082
4840
6042
5951
4882
4839
