Cycles
5778
4818
4773
4776
6353
4836
5240
6324
4785
4665
5744
4791
4983
5868
4955
4819
4819
4794
4806
5041
5225
6151
4800
4804
4806
5296
4912
5037
4804
5608
4825
5052
5746
4795
5272
4813
5903
4843
4823
4914
4795
4804
5128
4912
5083
4780
4659
4674
5221
4804
11666
5600
4841
4807
5163
4780
4791
4940
4801
5515
6152
4832
5924
5115
5911
4743
5942
4963
5561
4822
5154
5858
5372
5741
4957
5017
4843
4813
4834
4815
5858
4812
4968
5305
6149
5714
5888
5565
5730
5644
4654
4672
4719
4834
5815
5721
5132
4884
5002
5689
6650
5657
4674
4772
4925
4912
4969
5298
5007
5648
4645
4891
4981
18168
5566
5596
5435
5052
4813
5151
5787
4806
4795
4827
4951
4808
4927
4848
4860
5400
4806
5480
6162
5681
6048
4840
4886
5042
4809
4795
6000
5182
4823
5469
6044
4720
4938
5828
4997
5706
4933
4799
5504
6218
4966
5811
4743
4873
4847
4820
6055
5397
5674
4817
4791
5272
5791
4799
5676
4659
5914
4872
4646
4986
5577
4894
5147
5137
5523
4797
5172
5569
6150
4987
5385
5769
4791
5032
5544
4938
5696
4641
5312
4811
4791
4748
5983
5087
5182
4822
4637
5497
4825
5666
4936
4824
5108
5028
4776
5433
5523
5698
5384
4996
4792
4892
5102
5966
4785
4868
5729
4812
5061
4903
4832
5544
5597
5121
4779
5651
28436
5222
5042
5842
4771
4856
5469
4838
4765
4780
5048
4901
5834
5094
4675
4944
4920
4779
4796
4777
4996
4808
4810
4783
5454
5028
4810
5828
5848
4834
4806
5748
4795
4857
5582
5478
4798
5769
4735
4774
5743
6704
4668
5820
5629
4832
4789
5238
4666
6147
6761
5430
4826
4827
5098
5027
5143
4804
4890
5472
4868
5516
5947
15688
6307
6303
6471
4932
4801
5670
4806
5634
5487
4679
5184
6416
5173
4666
4932
6057
4781
5064
4798
5947
4804
5292
5472
4837
18423
4875
6778
4822
4823
4721
4897
5502
5268
4791
4987
6187
4811
4858
6359
6077
5328
4812
4774
4976
4809
6072
4912
4788
5199
4800
4832
4828
4872
6426
5236
4850
4906
4793
5899
5168
4814
4810
4801
4785
4681
5033
5555
4817
5977
5044
4826
5923
4829
5199
4929
5171
5924
5007
4814
4802
5845
4797
5018
6138
4936
6221
5555
6002
5540
4832
4761
5219
4789
4873
4794
4800
4975
4844
5067
5059
5607
4888
4739
4877
5048
4815
5219
4646
4817
4798
5043
6196
5657
4938
4886
6024
5880
24018
5352
5197
5800
6072
4940
4809
4654
5091
4817
5473
4897
4847
5573
4875
4734
4972
4800
5039
6185
5044
5831
4798
5106
4828
4782
4836
4934
4780
5259
4804
4830
4918
4834
4961
5502
4903
5346
5998
5387
4801
4904
5063
4809
4901
6123
10167
4664
4945
4983
4789
4864
4860
5754
6016
19207
4926
4800
5025
5255
5928
4942
5046
5387
5625
4951
4791
5517
5298
5194
5482
4797
5715
5095
4896
4966
6677
4786
5873
5825
5823
4812
5260
6115
5521
4829
5266
6084
4735
