Cycles
97316
48447
24427
5322
26443
23909
32357
57739
30299
29015
30065
5355
5652
54021
32968
29812
5916
38107
39482
5193
4719
15331
4819
31813
31867
53103
5042
5417
52133
4798
4826
55058
52745
5905
5852
5238
58104
5441
5659
4985
47682
32652
40066
4799
4806
30677
28452
5020
5026
24565
31711
5999
4734
32190
4788
4778
4962
24837
4819
46107
5284
38619
41951
37145
48310
51771
33400
41580
32367
45928
31627
4778
51676
4928
4763
4782
4679
35698
47215
5031
4866
49137
5089
6214
39968
4750
5106
47316
41967
15023
13919
31793
5288
29506
4782
4877
4791
4780
46731
38731
41992
4670
22438
5448
33758
4769
4774
4797
5181
36253
6106
5076
4804
40505
47898
36095
28769
49287
48095
4794
32865
4813
4773
53395
48877
36199
28570
34660
38057
42040
52617
5485
34223
44846
5100
34033
4774
6066
51008
39992
4888
49051
4804
41137
42787
40738
40197
4903
24389
33362
53445
50808
5410
34207
35774
5940
32860
45191
5765
6031
4763
50317
37645
38465
5167
5674
40090
38855
4769
48114
53088
5526
30610
48395
5882
5478
4901
5623
33677
24847
5724
58731
6136
54739
41543
37483
4916
4813
45811
5329
39836
39095
5424
5859
57437
31001
36846
32756
4685
5974
56386
57026
5838
4884
35167
51403
29004
43831
4968
48902
24006
28873
5942
4803
54944
5009
4772
46863
5513
4791
4802
5577
30333
4786
4853
4824
6136
4793
24032
4806
43168
5768
43317
4778
5173
43347
32905
35335
5637
4802
4775
4800
24883
4784
23980
5597
28819
4918
5404
5009
6157
11657
6084
6320
29810
4705
5706
5479
5506
5438
5791
5966
5316
5901
5173
5873
4975
15800
5396
4804
5819
4799
6461
5136
4647
5001
6251
4959
6190
4957
5728
4805
5059
4938
4990
24652
4823
4714
5953
4776
33426
6241
4778
5802
4890
6365
4823
4771
5934
5495
6043
4774
4801
4925
34850
5485
5966
4843
4766
4645
4903
4691
4707
5731
4813
5208
4793
5840
4647
5639
5538
5477
4782
24840
56503
45008
30825
54817
4797
4800
49465
5296
4791
4797
6152
5283
57063
4845
29476
24229
4800
20671
4730
29050
5414
4828
54614
32640
4769
5791
5162
4870
6087
30163
4783
5423
48172
4763
38444
5769
58365
4804
4794
4786
4992
4808
4795
5027
4780
34655
32059
4927
54253
37741
51536
40178
4812
41923
4815
43262
4808
34242
45252
4769
4754
4657
34951
31289
4679
33565
48967
4789
9742
32951
39351
30651
36331
4759
6169
38396
5991
8204
4810
5144
5873
4784
34277
43198
5467
5642
5128
54775
5666
56693
4804
4795
38990
49636
52364
38809
47656
4819
6035
31916
47985
5852
5397
4787
29940
40228
49248
33333
52455
35830
49438
6003
40770
5318
57301
5172
31708
37869
30506
50853
6132
38455
41505
4927
5514
56162
54428
36193
27637
6804
5683
40042
4875
4784
4802
5758
5424
5616
35659
33472
4940
5389
33540
4810
52714
56461
55522
5514
4754
5489
24551
4741
6095
9841
4791
39095
4670
24565
