Cycles
34253
34997
30008
50261
56613
55663
38590
42722
54830
35568
33479
31998
5737
4755
4974
32943
5731
34497
36509
50239
40077
36509
53873
32323
4756
27233
4959
44012
33596
55268
5482
48863
4704
41659
18048
52406
38619
48088
56842
34472
4770
5551
6072
4813
49243
23844
4763
57676
5731
5096
41651
33674
6003
4789
36113
41454
55409
43064
6084
5229
4836
4819
4872
30908
30836
48518
5774
4762
6048
55186
33068
84921
25250
39305
40190
42939
6205
45609
53658
5480
47364
31357
4849
36582
31026
46903
40314
54414
4996
37217
5536
5346
4730
5741
5336
5212
5683
6062
4929
5494
4853
5210
5225
50715
38862
36377
38636
4754
43358
51466
40773
4815
30977
5402
41729
20397
39420
4949
5928
4825
4726
53272
24683
5925
4778
5966
4776
4820
6072
4756
5493
6264
4746
4741
5476
48253
32911
30633
24592
48516
6025
5456
5203
4840
13275
33650
4817
31508
56248
5395
58029
52975
4961
5065
4778
5460
6156
4815
4870
4918
55069
4741
32430
4773
14476
41567
4936
35283
4798
55848
5867
5078
4873
5473
5601
5031
38874
47606
19455
42019
37277
33547
5667
42316
4744
38478
34867
46468
5475
42792
5822
30279
4754
58570
4832
4787
5820
5937
5352
4782
4791
4888
5731
5292
5078
4733
5374
4763
4849
6844
24557
4750
5561
6046
4768
5601
46824
4934
24553
49353
57523
20853
5913
32553
55075
31817
6107
6065
5338
54793
13428
5942
19103
5048
5804
30397
55128
57504
58396
31415
4685
40969
31009
56006
50454
29390
43366
16143
43591
41967
29681
4720
53747
38953
4802
30314
32891
34544
37066
5020
45420
5763
46991
33961
32717
33430
16218
17308
34046
5580
50817
4929
33173
54248
4728
51164
8076
4754
43652
4819
30752
4765
4802
5270
4724
4780
5478
4927
4754
5072
49188
44215
35938
56350
33102
4773
39025
55751
4796
5666
6022
17151
26232
52721
50237
53776
6223
45333
45702
32549
50632
5247
44140
21846
5570
39633
55152
5084
4743
27778
5128
4748
22511
47907
29804
5940
4767
4914
5462
54058
47740
36651
6271
5739
53634
47766
5067
10586
22257
5994
5828
5242
24670
4754
35793
42880
40208
4733
50965
4911
25002
46909
4864
6022
35391
46238
50403
4980
45857
6516
5688
4741
4679
5393
43535
33938
4783
33307
44030
4759
4733
5686
24986
45073
40744
4907
48757
46837
38109
30916
30254
5151
5075
53520
5423
4758
38124
43049
40945
6087
5628
16244
33041
5029
4743
35845
5510
5164
28542
31227
5202
5635
55614
25363
33713
33258
4849
33581
56081
5924
52944
43837
5947
32122
4799
24754
51085
57020
4782
5346
57396
25188
29212
51797
48384
44064
5004
52317
5236
4950
4769
24645
4990
5370
4814
35481
5395
5769
4747
4886
6167
4775
37337
36745
54058
5776
37246
30935
51391
6059
4742
23506
36549
5400
5819
4754
31276
31965
4761
43094
43930
34450
4816
30287
46192
4756
4763
32387
45621
30337
5185
4787
40282
4852
4689
4702
14493
54455
4739
4741
40878
5558
4765
5107
31538
58297
4745
51168
50747
5759
34280
29415
31261
5218
53343
5795
4890
4784
4778
5480
