Cycles
5033
4779
5860
4742
4799
6235
4877
4700
5716
4789
5639
5802
4983
5699
4785
4759
4746
6037
5147
4769
5281
5212
5491
4843
4744
4799
4797
4762
5175
5007
5534
4794
4801
5566
5752
4767
5914
5016
4769
5060
6357
4765
4787
5778
5588
4735
4736
5536
5428
4951
5793
5758
5080
4765
5480
4815
4768
5768
6367
4765
5495
5417
5244
4772
6104
4778
6136
4773
5452
5728
5582
5311
5441
5199
5059
4745
4830
4788
5629
5026
4802
4827
6101
6223
4821
5493
5521
5933
5055
5683
4863
4803
5037
4744
4908
5575
4782
4778
5793
5167
4848
6191
4791
6148
4744
5460
4953
4953
4849
4832
8124
5748
4755
4727
5597
5651
4789
4719
5843
5439
5478
5772
4730
4789
5274
5849
4772
4726
4801
4762
4775
5003
4765
4791
4798
5662
5742
5579
4770
4776
4758
4771
5192
4762
5409
4743
5705
5436
5540
5510
6601
4723
5931
5722
6064
4775
5606
5005
4780
4752
4968
5618
4768
4900
4736
5022
5126
4781
5258
4869
4743
4780
4741
6632
4782
5562
5374
4934
4875
4767
4790
5400
4745
5141
5705
4833
4763
4780
4768
5374
5480
5661
6013
4705
4748
5203
4795
5696
4797
5161
4750
4737
5448
4871
4783
4780
5700
4788
4745
4920
6586
4791
5717
4759
6635
5112
5323
5914
4793
5481
4864
4722
4776
4732
5880
5745
5890
4899
4702
5824
4761
5703
4868
6149
5742
5542
6102
5798
5525
4765
4740
6174
5328
4899
4919
5333
4863
5855
5701
4730
4741
5154
4948
5066
4847
5283
4755
5393
4754
5911
5694
5037
4779
4824
5701
4779
5099
6154
4765
4824
4923
5109
5568
4752
5543
4794
4787
5717
4955
5301
5087
4743
5236
4752
4852
4758
5002
5318
4772
5132
5435
4896
5772
4904
5413
5251
4736
4760
5094
5564
5597
5495
5566
4908
5110
4972
4774
4775
5688
5556
4817
5419
4803
4769
4933
4771
6051
5804
5019
5662
5631
5102
4942
4769
4765
6050
4801
4774
5073
4773
4832
4847
5848
4744
6044
5811
4734
4741
4832
5296
5604
5130
5620
5653
4716
5250
4759
4823
5346
4770
5853
4790
7169
6022
4712
5765
4787
4912
5752
4961
5175
4749
6086
6153
4741
5450
4899
5747
6223
4776
5618
5452
5931
5156
5381
4759
4752
7353
6057
4916
4686
5039
4797
5028
6049
5408
4785
5655
5894
4828
5957
4758
5158
4817
4847
4879
5609
4864
5386
4821
5984
5156
6052
4908
4935
4899
5190
4759
4775
5454
4789
5418
5139
4754
5210
4931
5438
4762
4787
5130
4833
6327
4984
4951
4735
4769
5382
4983
4964
4752
5616
4802
4804
4726
6636
5990
4881
5847
4765
6033
4767
4735
5026
4728
4889
5609
5242
4773
5104
4772
4778
5383
4990
5685
6143
5704
5524
4732
6755
4778
5153
5927
4813
5644
4783
6063
4745
4795
4714
4832
5853
4798
4683
6396
4753
5095
5235
5914
4732
5413
5772
6586
5772
