Cycles
4709
4875
58806
5499
41349
35255
36985
48561
44712
56842
4843
57110
57082
55573
30594
59084
4726
5456
56016
30625
33562
27003
49997
40727
37600
4707
5229
5891
4672
4654
5912
28538
57921
43653
54441
42305
48434
56523
57024
48350
5702
41888
56767
32527
44185
39139
4758
5862
5419
5287
57564
30130
5890
5871
5322
5140
4758
29052
5415
6106
5058
5065
4791
33115
46725
55149
45756
28201
5897
4698
4758
44713
56261
57280
31892
5145
5510
4787
53685
47807
42936
5933
5560
39226
39186
48056
4908
44477
4748
462540
5864
4780
32067
31556
57165
56514
4947
6039
56419
29763
5672
5037
40941
37338
48810
46172
37351
25013
39581
58452
31450
31786
57842
4918
4832
42444
4808
5859
44142
5892
4821
31087
41463
4799
5121
4803
4939
39256
57681
56359
31232
4949
4931
4924
4977
44317
4767
5689
4650
4864
5197
5621
57856
24536
19261
5785
5980
31745
30358
31554
50397
20237
5608
4687
4713
4680
55990
55696
47877
29873
52156
29732
44576
5843
33303
55422
5865
41935
35635
49232
4640
31411
6154
4657
5346
4854
4880
49788
29929
30772
29721
5612
4780
4774
5562
31968
52501
52056
46554
39488
55091
6726
5802
5175
4719
23865
4894
28294
5895
37776
41291
42128
36718
29752
4929
39718
43491
57523
37807
41087
4642
45163
29154
469886
6782
4640
56622
59031
35184
5946
29356
4951
18395
4884
6000
4793
6499
55279
56775
4828
36430
5910
4778
4810
32285
4792
49589
5094
4803
5776
5886
4750
5710
4804
4691
6098
4814
41927
36677
56419
55082
37434
45253
37577
5294
4979
56989
58547
57235
56819
4856
4823
57005
57609
4657
52311
51053
462306
4707
34854
28909
55467
38717
4929
4856
4788
5413
34431
30256
48328
6096
51747
30919
47993
14184
4797
5112
4797
4886
57087
57018
24825
39974
465780
4778
5713
43467
47572
44878
28865
55474
4802
24110
5305
5115
53495
4802
5910
47584
4716
4676
17404
28235
4797
4690
39580
5572
34174
4924
40824
4808
35897
24345
5503
4780
4798
4804
56005
58724
58720
441830
4940
41544
5634
5573
53406
47725
47418
4838
5298
5022
4854
30009
31875
5061
55942
5029
52042
5880
5651
55092
29061
47595
45427
45283
5586
5087
5235
33498
52609
56677
35355
55838
5422
5625
5696
5417
5877
6043
4790
29582
42846
58801
29966
34570
5539
32087
4717
5664
4778
4888
18913
5387
4827
4793
5554
4847
4786
49455
6064
45204
47697
4804
44794
45924
38562
4823
4858
30979
56823
56573
4629
5366
4828
4817
467572
4680
30188
4797
4828
4847
34306
27678
4752
4871
4816
4767
4721
5278
31102
55451
42563
39679
40191
5433
5673
4812
4726
34452
30814
56812
4826
42070
57316
46116
4808
5659
5659
51539
5368
55170
33661
58145
5601
32104
26431
4752
4821
4636
6058
45117
4823
55148
40628
4678
4797
5670
4799
55287
57489
49676
4838
46334
58765
5605
4784
56621
25026
56199
30904
6605
56895
57473
32056
56855
56762
30186
52518
5315
46570
441055
56728
49015
23826
5955
4887
6154
48561
