Cycles
111907
53907
38487
29451
5127
50447
48428
31367
12634
4882
31793
54926
41796
52201
56787
47710
5024
4769
41355
48408
35953
41368
38338
45419
4697
47637
51786
30043
32415
41752
39900
35430
4795
35398
54192
54702
44204
34567
29887
4669
30760
39230
41799
33318
55849
52769
6346
5309
5940
43888
36504
50144
36478
4911
4776
6394
29054
5885
31150
56234
35215
5146
50041
5510
47928
5610
49751
4877
6017
4819
58444
56902
4788
56285
5353
41104
14394
50945
5521
49155
4807
5596
4791
6666
44507
30795
5625
6024
5022
4750
5856
4754
4939
4765
5651
4843
4795
4808
6257
4778
5014
30519
35979
24634
4959
57695
49611
28327
38616
5320
4899
52071
30877
29242
55261
37707
56785
45861
5648
34767
5017
18163
5769
6359
5633
29354
56495
33359
58804
4802
4948
4905
57826
57987
56320
4771
4792
4769
4728
4858
5417
4934
5638
11286
4707
5619
6182
37599
47715
4776
35992
4784
4799
53998
35515
38474
53996
56070
46755
42852
57937
49878
36015
4685
57815
41113
48290
39728
55771
4844
48196
40940
4734
45038
5586
32340
5546
29192
40003
38954
36485
37243
57169
4731
4808
47723
32478
32700
48590
41306
4883
45291
42988
4769
32804
5856
47183
4808
29043
39495
36770
49083
5573
4781
4891
6165
5082
35990
5329
4839
5236
56933
47258
57194
35972
5327
42492
51687
54735
50196
5973
55935
53845
5274
5388
40232
32672
5879
6006
32672
52702
47118
51326
56198
50445
34830
44738
38359
57051
6925
49932
5502
5879
4689
56505
48984
4899
38338
39100
28672
5681
6078
35979
27365
4800
4812
4813
6177
57603
30669
4877
17570
5102
44528
37070
6322
4800
51960
31858
55549
31692
5603
4816
52545
58039
49438
4903
32940
33556
52023
47561
29192
4793
4772
6126
49413
31104
43517
57158
34059
45574
4774
5524
31169
5095
47047
5426
4774
4784
41779
55975
6024
6176
30173
4763
5601
4979
4823
32525
4806
4925
5212
5588
36744
55962
41511
4724
6426
40168
51895
30851
30702
28709
50484
4776
4760
45099
49792
5647
39424
47792
4897
44401
5473
44826
57529
24510
34061
37239
55213
54240
42485
42370
4776
5670
29624
34294
39414
4715
8809
4765
52315
5206
49615
50710
4784
5229
4711
30983
5564
6342
4800
5884
4843
4880
5219
4841
4754
4819
44195
4802
4819
55308
47878
54252
27772
39856
52341
4919
45587
4802
5465
43492
41331
4823
54824
4763
57774
53285
51779
6126
6065
5775
4746
5296
5218
7017
44112
49862
33402
50529
51967
29251
46654
40950
42439
5614
51005
37643
5018
44992
4756
4803
6372
36908
30662
6018
47269
4704
46132
48011
4732
6249
4975
35595
4768
4903
34439
52645
49319
54762
24808
32739
46743
4830
41043
5091
45472
40325
30367
35748
35895
4693
5696
56532
35605
4769
40083
53712
6059
4776
5957
48634
55348
45658
51663
43187
18699
5002
4893
53521
5164
52508
31572
33345
49701
6391
50392
50665
5804
39746
31470
29675
54866
56745
46645
55613
26524
5905
4901
5421
5210
5914
5806
5176
4821
4797
5007
4875
4803
4804
4798
6391
5164
4769
4830
5647
5879
4776
5014
