Cycles
10576
39225
4813
5461
9681
4786
4860
5642
4791
4724
49702
5798
4737
55080
30264
57028
53823
41347
49764
38483
4730
53739
26010
4800
4806
57117
4810
5447
56711
57268
33495
51118
41346
5952
4837
4968
5610
5406
35469
4756
4860
55679
24443
32534
36006
42378
4741
52136
4880
5450
39450
5968
4812
4817
4942
9413
5832
4791
57086
5609
4856
52635
4842
55371
53989
39861
6173
5519
5767
5171
5160
4741
5728
5031
30266
4737
4749
57756
30426
33962
29611
5739
4878
5709
4706
6107
5808
5672
4739
36980
46879
4806
36859
4925
5199
5426
4704
35133
44889
6076
57538
29855
21394
4851
5029
31927
4858
4771
29495
29747
35644
31045
41144
5044
37074
4834
4735
4817
49361
6544
5188
4814
4789
4799
50231
5290
4829
5571
52431
5808
4794
4880
4793
26821
40489
6253
6590
50831
32769
57223
33655
36599
58603
29964
50326
4890
37254
25971
5793
6054
33523
57616
58356
33841
40441
52687
8439
4713
38310
56785
4837
5890
52203
5322
5367
52138
30929
29937
51094
5097
4797
6052
28269
5415
4830
4821
39243
30862
31374
32876
4865
48915
6277
37931
34834
54837
55815
5439
5104
5882
6041
5897
4983
4867
4800
4814
46263
45211
36633
4800
51421
58867
40723
49726
49851
5284
4819
4825
4791
4797
4795
5948
4865
5145
4791
48414
31192
30912
31132
4839
37821
5037
46109
5784
4795
4927
4836
26508
4791
5796
5716
5009
4791
54288
31041
30927
37614
4918
5184
59480
4810
33701
5489
35757
6096
23756
42118
49000
4831
5804
5544
5737
6087
6098
36885
4867
5949
54456
5733
37806
4801
5876
53316
30266
30745
30841
4806
53242
29020
4856
6119
42939
5034
4897
5098
5910
5469
55994
30784
34160
37659
46276
58614
46123
4802
4843
29210
32340
41796
57402
5141
46215
40616
30413
15915
5104
4780
35055
34091
29896
4941
18923
5256
5063
4779
4897
6158
49203
34566
53074
30435
6130
52408
4812
52069
48526
37623
59510
24778
4818
5355
5956
6020
5200
35089
4826
43468
4793
36551
5000
61069
38755
6001
4898
5031
5350
29074
5039
4815
30415
34979
5242
4819
4813
5592
4847
4924
57013
30201
4843
54145
30106
49218
4713
4795
4786
51362
4808
47680
4813
4862
26262
5849
4805
5718
4849
57053
33337
37526
47254
4851
5886
46512
24269
31452
33925
29996
34877
5212
34215
6454
5876
4788
30661
16487
34191
36249
34799
4801
22889
44420
47909
31214
44397
4802
5970
5477
5097
4815
5441
32767
34519
4860
4834
48862
5616
38333
5670
5242
5609
49171
4808
47930
37489
33867
6151
6074
51977
31389
4802
38715
45790
4808
38731
47981
4782
29184
36984
5083
57959
47213
5575
5668
4844
49356
4722
5878
5899
4726
32644
30489
31696
32732
5359
4979
4931
5475
4901
4713
29977
5390
38565
5228
30747
36044
29534
5002
5640
55270
33514
48073
4979
5644
4834
5317
55657
35887
30864
36532
60925
4713
5592
4779
5098
5716
4925
4878
5519
