Cycles
5305
5025
39588
42077
6130
4867
38392
30504
58713
30106
57067
27792
57283
32417
29499
58284
5180
56581
36664
35660
50916
6145
4862
51360
41399
5186
12277
36374
4797
50123
5873
4741
5605
33127
44902
58528
42394
4843
4860
5625
5627
6102
57804
30372
5327
4918
4676
5113
47284
5418
44048
38172
5778
4921
49410
29353
55663
30834
4920
4659
42404
4845
4774
4782
4776
51855
32787
46418
28544
4819
4948
51000
50827
27889
5273
4806
4815
4785
41336
56497
47388
40836
5232
5996
55684
4983
5243
6096
5536
34417
5411
37288
4901
5426
4808
5709
29879
45263
42170
31374
49222
43398
5560
48933
46928
5540
6332
4810
38951
31498
13087
41294
47088
49781
4795
35260
35513
40357
4685
4899
4805
5107
45781
56231
57432
5022
4726
30569
48835
52875
32996
40359
4808
4838
4786
6205
25438
4795
29773
56314
4812
45215
4793
5908
4801
39543
55535
42976
6349
4782
4826
6281
4826
55119
31193
56892
4792
33847
47676
53281
47481
5209
4819
5221
37314
4717
37428
5050
46062
5903
4687
5016
34843
5039
5985
4810
6070
6080
4810
5974
5883
4772
5693
6193
6179
5130
6018
4967
4810
4862
4864
5223
5290
4836
4761
4797
5117
4868
5562
5739
16498
5778
5767
4830
36892
46025
30679
25139
5927
5428
5854
35072
43683
19424
4780
6229
4791
5439
46178
4807
54247
4788
5359
8413
4972
5469
56896
28017
28849
34649
5297
32454
4898
56869
27847
5045
5171
4864
5627
31566
29720
4793
29706
5729
43282
31825
40103
45660
5189
8076
5392
41993
4817
43803
53516
42487
5283
43384
4774
37515
30564
47967
54199
32337
6105
30111
32826
4769
49511
39115
5018
5932
4643
5595
29510
54272
55769
5396
32948
42509
56041
40498
5761
4840
6067
45820
4895
5111
5553
4808
37562
57541
53933
54210
40066
30793
5381
46853
4814
4821
44075
13541
4905
4808
4869
6158
57288
28857
44453
54031
5866
6004
4828
5985
5748
26482
6087
4835
52099
36015
30994
49933
4899
53812
48018
6794
6113
4950
36221
30091
33115
33121
38409
52242
4796
4804
55211
31313
58035
43299
5650
5111
5439
5519
57368
32333
30178
4862
4832
32381
36225
56058
4872
57026
13024
45300
5240
5067
4708
37206
24794
56823
56670
6195
5576
51957
58093
56365
58030
4687
50397
5148
54901
42054
46204
5124
6074
36025
29981
29391
4810
37595
35327
57843
5087
31953
58043
37530
5515
36154
5061
58236
4771
4991
4793
6076
54846
55173
5834
5005
40891
5319
44712
17982
4778
4974
4843
5866
29618
57375
30065
4806
4890
49546
42431
4662
4778
35607
32421
5102
5045
4666
5307
53324
56566
55447
5986
4791
54961
29402
53451
52769
45170
33370
5450
51147
4817
48714
19550
4770
4796
4776
4815
31447
5560
39522
41491
28659
30983
54408
5783
5117
30253
34579
25139
46025
56314
