Cycles
5849
5353
4806
4808
5464
5225
4906
4773
4807
4785
5286
4838
5124
5864
5025
5292
5212
4957
4829
4668
4826
5420
4805
4907
6210
5019
4809
4791
4813
5164
4806
4806
5154
4776
4786
4736
4884
5433
5616
5674
4786
6007
5785
4854
5616
4925
4755
5957
5839
6117
5590
5396
4858
5202
4834
5020
5689
5599
5104
5228
4767
4804
4788
4818
4834
6193
5284
4773
4802
5393
4936
6033
6150
4809
4799
4798
4966
4687
5048
5034
5018
4818
4897
4782
5003
5927
4785
5333
5899
4782
6000
5467
4650
4771
5238
5300
5359
5698
4801
5186
4797
6232
4811
4801
5664
4802
4810
4806
5709
5246
4779
4811
4895
4966
4903
4735
5108
4782
4817
4817
6759
5409
4841
6184
5156
4821
4797
4772
4661
5402
5305
4860
5618
4972
4773
6020
4868
5698
4713
5972
4797
4853
5423
5578
4801
4914
4791
4811
5737
5318
5907
4793
5757
5466
4704
6808
5003
5707
5028
5219
4758
5569
4768
5646
4823
6130
5357
4839
4986
5875
5430
4816
5610
4773
5025
4881
4893
4942
4793
4806
4804
4836
4806
5458
5437
5160
5938
5666
4817
4914
4808
4831
5714
4841
4787
5039
4912
4791
4981
5022
4791
4808
4847
4908
4757
4873
6156
4808
4827
4858
5268
5639
5282
4834
5264
5207
5828
4797
5953
5215
4951
4787
4804
5629
5173
4815
4783
4786
6058
4780
5761
6072
4811
5212
4764
7012
5418
5988
4657
4816
4802
4841
4892
5773
4818
4871
4809
5709
4830
4812
4864
5837
6030
5386
4740
4793
4834
5210
5613
4746
4927
4801
5694
4994
4807
5566
4897
5588
5452
4976
4782
5133
4782
5542
4867
5942
4717
4929
5070
4992
4786
9768
5809
5641
5970
5074
4936
5765
4826
6009
4824
4825
4745
5033
4823
4937
4800
5661
4815
5195
5344
4819
5208
4864
4870
4881
5320
4791
5097
4733
4946
4681
5536
4944
4664
5372
5223
4706
4847
5616
5348
5325
5408
5733
4759
5383
5985
5064
6008
5538
4747
5536
4796
6139
5186
6731
4773
4854
5471
5275
5953
6301
4862
4779
5605
4684
8283
4883
5919
4678
4843
4804
4819
5094
5509
4936
4821
5813
4680
5048
4808
5147
6210
5739
4822
5042
4830
5063
9929
4903
5912
4782
5643
4635
4931
5369
4790
5945
4819
4834
4810
4886
4860
5631
4869
4806
4931
4780
4920
4789
5357
4912
4814
5065
4771
6009
6779
5385
4944
5414
5174
4967
5285
4964
5931
5886
4803
5496
4825
4888
5923
5551
4923
4886
4873
4718
4935
5474
5886
5847
4845
5767
4990
5796
5858
6599
4782
5573
5832
4808
6020
5560
5966
4788
4832
5894
4908
5085
4681
5944
4679
5862
4733
5264
5494
5721
4839
5116
4968
4832
4821
4804
5223
4801
7012
5828
4791
4713
5409
6759
4817
5034
6210
4907
28361
