Cycles
24643
4717
5462
6099
4890
4791
5372
5189
4851
4765
4716
4745
5510
5942
6093
4730
5858
5692
4724
4824
4744
4731
4780
5430
4952
4772
5575
4767
5860
5257
5029
4789
5560
4789
4784
4824
6197
4814
5328
5825
5604
4903
4800
4760
4728
4849
8202
4922
5350
4757
18501
4715
6119
5525
5003
4744
4959
5686
4739
4858
5300
5613
5778
5743
6972
4914
4845
4810
4737
5396
4932
4966
5454
5793
4741
4748
5078
5048
4813
4873
4771
5750
4714
5886
4755
5769
5614
5378
4916
6110
4695
7350
5988
5081
4801
5150
5117
4882
4791
4783
4784
4915
5100
4763
4742
5031
20040
4812
4771
4907
5348
6012
4778
5136
4792
33156
6007
21310
6984
5458
4763
4901
5635
4678
4919
6566
6110
5812
4733
5814
4793
4764
4760
4753
5994
4802
4745
4923
4806
4997
4780
5230
5591
4760
5824
5313
5917
4756
4775
5811
5770
5467
4785
4802
4758
5285
6020
5690
4882
4948
5735
4957
5432
5508
4998
4687
5819
4765
5135
4774
4897
4743
4741
5288
5929
6948
5292
5693
5543
4984
4759
5177
6070
4748
4784
4776
4773
4924
5191
4834
4824
24056
5639
4989
5557
4754
5324
4769
6136
4749
4778
4860
4814
4868
4812
5942
5825
6013
5031
4793
5102
4851
4768
5765
4731
4767
5272
24035
4771
24946
5724
5022
4744
4888
5747
4756
4765
4755
5700
4776
5685
6006
5111
5654
5731
5167
5184
4745
4760
5977
5609
5592
25171
4748
5085
5832
4746
5262
4732
4769
4976
4834
4749
5793
4788
4721
5238
4785
4806
4741
4768
4766
6063
5738
5603
5549
5999
5849
4740
4858
4905
4979
4858
4802
5910
5163
4750
5778
4804
5076
4763
5640
5578
5605
5256
5387
4839
5165
5627
4942
23900
4883
4771
6906
4739
4760
4772
6031
5332
4726
5407
23884
4730
4733
5268
5161
5996
4776
6074
4979
10586
4754
4795
4953
4790
4839
4785
5054
5164
5679
4764
4819
5769
5806
6022
6156
4716
4793
4795
4993
4752
4816
4797
5314
5685
4864
4795
5353
4761
4769
5552
4754
4804
5402
15206
4961
4774
5017
4716
4793
5615
4841
5372
6010
4856
4906
4780
4795
4763
5002
5566
5125
5274
5527
4750
5835
4813
5478
5381
4793
4898
4800
4767
5640
5717
4793
4931
4765
5072
6858
6059
5301
5456
4760
4789
4711
4848
4795
5143
4721
4754
39634
5693
5022
4754
4700
4752
5765
4942
5942
5418
4953
5099
5346
4693
5667
5113
5942
4825
4761
4862
5517
6262
4795
4780
5050
5338
5857
4781
5102
4774
4926
5886
5765
5765
5755
5717
6234
5011
4778
4748
4776
4933
6182
4721
5599
5177
4778
4776
4735
4746
4760
5126
18576
24123
5719
7280
5173
5650
4780
5882
5471
5320
5630
5869
4746
4825
5870
6100
6154
4959
23974
5968
24626
5197
5135
5882
4753
4760
4793
6984
