Cycles
5592
4884
5925
4901
5884
5755
4778
4890
5756
5808
4931
6232
5460
5693
4971
6120
4776
5212
4970
4923
5050
4933
4806
4789
5791
5841
4783
5359
5341
4777
5256
5439
5191
4783
5364
4920
4817
5046
5592
5020
4825
5206
5543
5549
5357
4659
5937
5897
5325
4798
5555
4819
5899
5963
4832
5502
4785
4815
5672
4974
5880
4752
4804
4873
6188
5827
6089
6048
4780
4953
4971
4643
5687
5074
4938
4862
6920
4828
5039
28445
6111
4841
5806
5562
4795
5376
4941
4745
5177
4886
5159
6066
6220
5171
4673
5706
26477
5348
5951
5958
5707
4733
5005
4930
4841
5801
5944
4912
4705
4828
5296
5269
5173
4702
4739
5819
4867
5664
5141
4770
4920
5238
4809
4828
4826
5822
4811
5300
4813
4737
4799
4832
4877
4797
5260
4896
5467
28291
4871
4875
5599
4825
4786
4988
6370
4804
6001
6212
4830
4783
4880
4823
5162
4698
5052
4740
5903
4877
5272
4623
5242
5301
5614
5088
5098
4688
7100
5502
4847
5597
4818
5531
5059
5256
4714
4657
37764
5322
5240
6189
5894
5145
4873
4806
4810
6175
5007
6234
4782
4665
4829
5735
4693
6661
4901
4819
4819
5852
8016
5115
5095
4954
4791
5499
5125
4810
5765
5819
5783
4791
4774
5162
4780
6013
5035
4819
4808
4795
5665
4819
4821
5738
4817
4834
5346
5441
4676
5526
4796
5471
4972
4713
4817
4730
4655
4765
5281
5888
4789
5929
5329
5823
5242
4653
4726
4834
5813
4787
5393
5249
4847
5280
5119
4710
4932
4741
6052
4903
5247
6094
5458
4777
5532
4801
5694
4801
4738
5043
4968
5266
4919
4673
4999
6150
4782
23998
4801
5944
4752
5646
5163
5138
4912
30957
5551
4798
25177
4783
4796
5114
4827
4772
6016
4812
4795
5370
5491
4843
5712
5791
5763
4782
5729
5278
5961
5115
4963
4881
5387
6046
4796
4802
5430
4894
5696
4895
4800
4821
6796
4776
6242
4897
4644
5514
5584
5042
6096
5670
4825
5832
4790
5987
5789
4808
4965
4984
4878
4653
4893
6197
6069
4824
4874
4795
4943
5160
5331
4835
4700
4829
5471
4789
4854
4797
5113
6204
4821
4794
26329
5704
5249
6152
4877
5019
4607
5632
4828
5625
4801
6129
5324
5942
6179
29253
4806
5413
4783
5796
5869
4812
5933
4789
5025
4830
4780
5093
5759
4786
4828
5253
4797
5721
4829
4804
5296
4945
4798
4914
4780
5383
5007
4834
5633
4770
6485
5216
4817
5365
5793
6808
5922
4769
4985
4791
4880
4808
4795
5355
5878
24743
4780
4791
5095
4828
4912
4819
4791
5081
5073
24220
6110
5190
4679
4683
5876
4828
5724
5778
4827
4817
4777
4789
5768
4757
6167
4827
4819
4791
5046
4797
5516
4782
4829
4869
5070
4823
5482
4881
4875
6247
4693
5022
4817
4781
4662
4895
5644
5821
6007
5342
29352
4800
4808
5871
5467
5665
5750
4803
5930
4836
5798
29056
5620
4735
5897
5037
5817
4688
5253
4797
5383
4879
4807
4795
5244
6145
26421
5598
28553
4843
