Cycles
4726
5384
5886
4957
4913
4793
6007
4750
4768
6028
6138
4763
4774
6379
4844
4739
4783
4759
4780
5375
4752
4777
4795
4765
6022
5484
5069
4765
4903
4761
4676
4799
5120
4916
5017
4717
4761
5465
4785
5409
5843
5367
4944
4773
5927
5112
4903
5452
4871
5009
5789
4774
4747
4767
6167
4775
4705
4713
4780
4845
4905
4806
5501
5815
4702
5120
4791
5216
4788
5037
4756
4771
5867
4886
5921
5696
6083
4745
5869
5547
4745
4711
5367
4932
4779
6165
4781
4759
4838
5365
5931
4860
5703
4776
5876
5540
5147
4754
5119
5309
5834
4820
4897
5657
5482
4791
5942
4893
4782
5564
10515
5011
6210
4746
5245
5469
4721
4750
4726
5117
5826
4834
4795
4755
5145
5229
5791
4772
5480
4797
4763
5845
6724
6033
4778
5931
5688
4791
5405
5164
5210
4739
4897
5054
4700
5780
4748
4769
5867
4884
4763
4958
6193
5394
5052
5580
5472
5639
4783
4756
4703
4771
5759
6759
4771
4754
5238
4742
5305
4842
4760
5599
5352
4787
4745
4803
4922
4769
4998
4866
5616
6123
4778
6322
5451
4778
4759
4777
4806
4758
5174
5076
4720
4754
4918
4705
4793
4795
5569
5793
4793
4932
4747
5184
4802
4828
5317
4771
5004
4773
4758
6005
4994
4759
4749
4899
4832
4771
5493
4758
5353
4765
5013
4752
4761
4754
4905
5715
4775
4772
7550
4843
4782
4746
5767
5061
4890
5235
4994
5817
4764
4848
5806
5452
4776
5104
7396
5098
5701
4785
4834
5443
4761
4762
4765
4786
4782
4895
4795
4743
5547
4838
4925
4765
5674
5194
4759
4758
5361
4785
4833
5206
6560
4778
4754
5583
4672
6041
4770
4792
5689
4769
5811
4695
5251
4774
5595
5705
4795
4784
4937
4734
4964
4942
4779
5628
4770
4760
4744
4763
4752
4783
4752
5895
4767
4750
4752
6303
4763
4773
4747
5257
5719
4791
4951
4773
5350
4757
5725
5337
5674
4914
5063
4976
5207
4754
5564
4771
4793
6475
4773
4728
4918
5914
5661
4731
4742
4733
4767
6054
5439
5057
5501
5026
6208
4754
4765
5634
4966
4732
4901
4745
4766
4788
4774
5387
4748
4839
4780
4780
4876
4787
4682
5486
5180
5970
4919
4789
5644
4743
5670
5572
4742
5720
6224
4816
5618
5042
5156
5817
4770
5127
4839
4763
4763
5179
4780
5819
5476
5735
5286
4756
5635
4746
4833
4778
5133
5622
4825
4711
4824
5571
4761
5127
4750
6035
4765
4774
4757
4963
4806
5959
5040
6176
6014
5179
6163
5545
4735
4784
4901
5551
5420
5078
5434
4769
4824
4763
5392
4961
5583
4788
5319
5432
4806
4878
4778
4757
4785
4769
5963
4708
15071
6815
5032
4979
4835
5665
5692
4752
5992
5189
5300
4765
5262
4823
6212
4778
5840
4970
4798
4946
5149
4810
5472
5171
5919
5985
5538
4752
5454
4794
5387
5210
4833
5264
5207
4914
5689
5361
4759
5701
4778
6123
5639
4763
5867
4748
4750
4793
4726
