Cycles
4763
5310
4852
4834
4746
5104
4847
6245
4804
4805
5545
5788
4774
4829
5620
6123
5039
4778
5012
4771
5614
5919
5498
4793
5311
5018
4975
4733
4838
5733
5199
6035
5001
4772
4819
5770
5073
4788
4759
4799
4809
4903
4828
5338
4791
6164
4904
5674
4742
4691
4780
5495
5143
6290
5322
5324
4823
5847
5413
5050
4761
5508
4839
4795
6139
4655
4804
5227
6088
4955
4848
5082
4805
4814
4806
5327
4785
6110
4969
4843
4810
5164
4778
4789
5884
5065
5011
4812
5566
5019
6772
4666
5311
4821
4868
5524
5430
4933
4883
5430
4784
4909
5998
5402
4960
4815
5162
4961
6145
5106
4726
5410
4920
4840
5527
4788
5346
4819
4852
4808
4832
4801
5339
4823
5385
4970
6767
4698
4803
5680
4830
5468
5388
6279
5652
5398
4849
4878
4890
4754
5701
4801
4803
4837
4823
5830
4690
4764
5000
5082
4860
4798
4896
5560
4931
4817
4894
4772
5059
5379
5515
4769
4949
5780
4944
4776
4666
4748
5173
4780
5755
4918
4750
4888
5061
5619
4861
5568
4671
4818
5489
5350
5570
4855
4640
4908
4817
5890
4862
6607
4758
4914
5380
5603
4678
5197
6031
5987
4835
6058
4808
5657
4795
4840
4905
4948
5497
4957
5395
5949
5798
5210
6178
6040
4817
4772
4811
4718
5932
5691
4659
4802
5296
5043
10612
5521
5921
5815
4826
5589
4683
5611
5434
4821
4774
4829
5848
5219
4940
5730
4804
5752
4814
4974
5623
5660
5378
4851
4814
5031
5857
4754
5316
5017
6202
6086
5421
5494
4791
5152
4806
5830
5018
4627
5431
5720
5348
4804
6147
4789
5009
4796
4668
4785
6126
5016
5385
4823
4779
5429
4793
4814
4818
5888
5947
5210
5563
4778
5745
4862
4784
6107
4681
4948
4741
4826
4873
4802
4796
5746
5313
4795
4845
4808
4927
5366
4837
4822
4792
4801
5000
4947
4904
5914
5037
4953
4817
4645
5735
5410
6083
5862
5327
5957
4946
5365
4977
4795
4842
4724
4819
4815
5635
5139
4841
5197
4848
4776
5134
4982
5417
4803
6212
4836
4829
5052
6226
4687
4886
5988
4860
6171
5235
5737
4894
5614
5190
4802
4899
5337
4787
6066
5377
4852
5203
5488
4819
4825
5335
6083
4763
4786
6078
4819
6160
4862
4675
5029
4815
4791
4804
4815
4801
4657
5065
6434
5954
5003
4765
5843
4808
5705
5559
5259
4813
5351
4789
5014
5512
4812
4687
4724
4927
6091
4909
4840
5111
5175
5102
4657
4797
5618
5767
4974
8389
4947
4988
5692
4771
4908
5245
5208
4816
6779
4808
6221
5447
6089
5441
6251
4802
4786
5154
5834
6396
5897
4970
5005
5014
5351
4819
4904
5888
4793
5219
6031
4855
5350
4764
5652
5388
5162
4814
4791
