Cycles
5852
4795
5246
4948
5508
5110
5335
4749
5376
5170
5011
5631
4761
4742
4735
5318
4786
5177
5888
4758
5638
5946
4750
4771
4808
4985
5763
4769
8001
14347
4749
4792
4919
4840
5892
5194
6035
5543
4752
5700
4741
5277
5958
4726
5457
5644
5115
5800
4765
6286
5840
4754
4761
6264
5560
4762
6041
4788
4825
5959
4752
4928
4761
5372
4817
6333
4770
5707
4895
5203
5018
4760
4715
5689
5685
4735
5197
5534
5663
5510
4778
4992
4767
4693
5506
4869
4888
5300
6011
5953
4754
4771
4758
4748
4815
5761
5856
4856
4755
4752
4778
6027
5833
5333
5467
4799
5493
5124
6247
4781
4739
5485
5999
5951
4921
4895
4786
4715
5886
4832
5182
4938
6186
5346
4759
4757
4761
4700
5430
5510
5864
4760
4796
4769
4767
4793
5499
5828
4747
5205
6967
4687
5480
4769
4772
5024
4782
4886
5640
4937
5251
6502
4751
4769
4737
5519
4837
6243
5064
5073
5006
4991
4778
4835
4771
5162
5156
5944
4767
4750
4778
6148
5658
4941
4763
4921
4963
6163
5841
4791
4768
4740
4978
5816
5387
4747
4696
4713
6156
6316
6411
12155
5346
4774
4903
5966
4981
4780
5300
4750
6020
4906
4761
4793
4890
5002
4927
5303
4942
4766
4784
4777
5947
4785
4945
4827
4921
4790
5296
4796
5627
4787
6005
5078
4819
4780
5564
5460
5875
4852
4771
4774
4787
6071
4765
4778
4905
4874
5536
4882
5504
4873
4769
4737
4847
4897
5623
4720
4793
4996
5698
4779
4903
6236
4755
4738
4780
4743
5292
4763
8851
4743
5238
4786
5562
4778
5525
4778
4763
4782
5528
4736
4949
4765
4759
5809
5925
4765
6424
4816
4778
5037
4755
14057
4745
4776
4888
5610
4948
5009
6046
5477
4791
5517
5395
4964
4852
4747
4741
5171
4719
6136
5804
4981
4780
5666
4903
4769
5087
6061
5229
4780
5570
4786
4761
4786
4722
4723
4763
4755
4748
4784
7210
4767
4734
4735
5735
6132
5716
4780
5673
5389
7701
4780
5378
4739
6197
4772
5160
4746
4757
6072
4754
4916
4741
5482
5098
5834
4873
5640
5272
4786
5724
4832
4780
4780
5222
5230
4814
4765
5725
5455
4819
5419
4803
5744
4778
4803
5581
5498
4942
4748
5184
5861
4784
4797
5002
5739
4785
4784
5233
5132
4806
4924
5801
5584
5348
5121
4759
6197
6047
4927
4797
4783
4788
4828
4746
5616
5294
5169
5471
4765
4780
5850
4778
5875
4877
5948
5239
4749
4763
4872
6031
4883
4715
5430
6229
4999
4802
6055
5439
4780
5248
5181
4879
4853
6501
4730
4780
4803
4782
5577
4789
4728
5719
4769
4757
4928
4799
4740
5439
5918
5266
5538
4824
5739
4769
5195
4757
5482
6191
5709
4773
7415
4789
4735
4761
5884
4769
4802
5806
4857
4813
4961
5196
4793
4787
5852
4797
4789
4765
4773
5905
5238
4776
4769
5389
5564
4780
4808
4715
4737
5022
5961
5346
4769
40243
4883
34869
5471
4783
4924
5098
4784
4942
4921
4759
4726
14347
5763
