Cycles
5498
5388
5993
4771
5400
5222
5255
4796
4974
4868
5530
5873
5468
5406
5098
4863
4941
4951
5771
4786
4739
4814
5027
4789
5815
4893
4830
4878
5681
5135
5604
4952
6102
5020
4806
5273
4791
4838
4842
4832
4880
5335
5096
4724
4871
6297
4776
4790
4955
5534
4808
5643
5397
4819
5067
6400
4765
6313
4814
5013
4801
5009
4780
5778
4978
4858
4808
4961
4795
4940
4806
5035
5756
5804
4735
5519
5616
5594
5371
6067
6409
5101
5092
4806
4905
4819
4811
4973
4842
5046
5134
5965
5765
5525
5448
4803
5948
4801
5338
4768
5772
4836
4983
6688
5151
4718
4950
4853
5044
4823
5776
4713
6128
4778
4938
5100
5113
6802
6095
5391
5951
4808
6073
4793
4884
5298
4786
6033
5268
4769
4782
5420
4927
5616
5079
6545
4854
5099
4813
5143
5772
5285
6128
5433
4905
5260
5755
6243
4775
4771
5854
4925
5011
6151
5793
4723
4828
5009
4816
4988
5218
6058
4875
5201
5094
4849
4804
4815
4785
4783
6836
4793
4796
4789
4888
4757
5552
4814
4856
4825
4780
5052
5970
5305
4819
4931
5912
5629
4959
5151
4789
5894
5140
4799
5029
5227
5748
4777
4801
4778
6030
4675
4796
4800
4787
4777
4942
4793
4633
6062
5027
5772
4813
5018
4810
4945
6432
6000
4981
4662
5061
5234
4810
5132
4789
4789
4772
4780
4796
4802
4724
4936
4671
6647
4903
5711
5995
6078
5996
5786
6620
5215
4806
4787
4895
4793
5996
4825
4785
5253
5037
5072
4726
5508
4810
4796
4756
5167
5046
4799
4803
5683
4750
5014
6099
5037
5959
5152
4912
5469
4931
4706
5305
4883
7727
5119
5195
5661
5107
4994
6638
5098
4789
4762
4834
4805
4782
6192
4918
4748
4935
5428
6128
6044
5134
4884
4940
5095
6130
4767
5843
5963
5689
4826
4819
5450
4769
5623
5780
5245
5413
5600
4782
4806
6128
4963
5368
5199
4839
5045
4801
4798
4806
5616
4988
5092
5719
6620
4901
4633
4761
4910
4793
6077
5279
4919
5968
5366
6271
4912
5248
4794
4921
4873
4821
4942
5694
5013
5048
5128
4843
4901
4907
6067
4812
5445
4830
5592
5313
4800
7365
4983
4800
4800
4804
5055
6747
5182
4940
4975
5987
4802
6392
4968
5156
4940
4899
5205
4849
4795
4769
4778
5347
5020
4886
4897
4736
4635
4836
7566
5147
5031
4882
5145
4816
4927
4996
4776
5019
6074
5111
4667
6179
5731
4776
5936
5860
4987
4852
4914
4971
5480
5160
4788
5875
4791
4853
4821
4793
5314
5640
6126
4798
5612
4836
6524
5685
4871
5778
5158
4922
5256
4981
4804
4877
4916
4949
4676
5514
5289
6186
4916
7705
5704
4804
4832
4978
5245
5921
5107
5921
5020
4901
5180
4797
4809
5246
4996
4948
4905
5686
5672
4798
4829
5178
4978
5599
4892
5363
4851
4797
5363
5921
4987
6179
5600
23926
4756
4777
