Cycles
5925
4769
5506
5502
4871
5414
5445
4782
4771
5201
5908
6117
5208
5806
5763
6284
4832
4889
4758
4760
6030
6013
23894
6197
4773
23695
4715
4784
4776
4799
6259
6007
4779
4935
5199
4888
5018
4787
4787
6000
4736
5203
4818
4906
4931
5271
6444
4840
4938
4814
5976
6081
6150
5497
5500
4974
22114
5571
4834
5251
5962
5880
4713
4896
4726
4736
4791
5549
4834
5164
5541
5469
4711
4893
4825
4731
5041
5113
4731
4996
5104
4724
4741
15202
4762
4780
4831
5374
4764
4759
6973
5154
4836
5603
5212
4712
4707
5603
4966
5363
5378
4737
4992
5066
5186
4886
5246
4759
4752
4741
4700
5022
5385
5644
4803
20810
4860
5985
8430
4736
38142
5464
4780
5584
4947
5741
4739
5944
5456
4830
25015
5863
4779
5397
5508
5301
5822
4808
5454
4761
4712
24550
4918
5074
5411
5606
4847
4797
4771
5728
4740
4760
5750
4793
4921
4806
6307
5788
5161
4772
4747
4799
4769
6173
6244
4775
4752
4748
4771
4864
5705
4841
4752
5031
4824
5059
4780
5644
5648
5994
4744
5953
5251
5439
4771
5975
4743
4770
4758
4797
4743
6919
4899
7078
4743
4862
5137
4723
4711
5130
4790
5328
4869
4827
4732
37928
5955
27030
4759
4689
23911
4774
5406
4749
4783
5324
4748
5365
23844
5515
6035
4765
4981
6545
4804
5292
5411
4717
5037
6104
4763
4841
4722
23902
5510
4810
4778
28225
5324
4752
5850
4951
5475
4719
4714
4772
5713
4914
24466
5387
5186
4774
6190
5750
4784
4805
4755
4804
4782
5033
4834
4961
4810
6716
5516
5772
5947
4687
5966
4940
5022
5067
5014
5737
5532
5804
6123
5614
4856
4771
6135
4771
12327
4741
4744
4973
4752
4775
4735
4884
6720
6679
4767
5100
4756
5722
4740
5615
4782
4728
5221
5257
5850
5186
6972
4728
4739
5430
4847
5977
5100
4793
24220
5119
4750
4711
4778
5521
4834
4715
4825
4765
4754
4814
4745
4761
6644
4932
5453
4765
4778
4792
5152
5877
5199
6038
5284
4746
5462
4916
4728
4759
4763
27870
4975
5515
5007
4814
6005
4775
4769
5977
5037
4979
5336
4685
4750
4914
4785
5232
4953
4706
5933
5289
4716
5633
5700
5812
5134
5657
5770
4862
4752
4752
5970
4752
5555
6048
24995
4781
9162
5361
4789
4763
5808
4758
4847
4770
4843
5253
4752
5571
5906
4780
4795
6071
4742
4912
4910
4748
4736
4972
4773
4750
25143
5000
23940
4770
4761
5619
4755
5737
5594
5031
4769
4789
5188
24619
4793
4757
5910
4745
4788
4931
4940
5275
4691
4871
6731
4975
5929
5253
5445
5687
5201
28393
5167
5843
24726
4909
5512
4963
5888
5895
6409
5904
4778
5614
5480
5636
5052
5858
4789
5873
5225
4992
5718
4854
6119
5426
5590
5178
5076
5680
4754
5238
4842
5839
5093
5797
7016
4711
5733
5480
5701
5467
5399
4685
4755
4709
4769
5921
5687
4785
4700
5543
5562
4795
4770
4772
5217
4815
5206
5355
4780
4743
6035
5212
5569
5328
