Cycles
6093
5893
4937
5046
4781
4801
5471
4744
4808
4809
29415
4783
4831
28471
4793
8249
4765
5641
6582
4901
5165
4782
29484
6700
4806
28234
4796
31263
4910
4761
5061
4778
4803
4797
4763
4776
5460
4927
5030
4794
5374
4760
4702
5016
5285
5276
5065
4705
5079
4704
29078
5007
4884
4769
4772
4955
4767
4759
4774
4873
4881
4876
5724
28373
28373
4821
5830
4765
4849
6180
6262
4795
4755
4741
5328
4765
5026
5633
4774
4808
5512
4784
4795
5081
4776
4778
4793
5701
5349
5149
5264
5037
4761
4804
4787
4959
4919
4778
4918
4794
5763
4795
5149
5238
4813
5091
5731
4761
5331
4765
6119
4795
5837
7108
6012
4824
4977
5610
6745
5109
4852
29562
5439
31346
6189
4709
4830
4737
4936
4795
5856
4770
4767
5970
4768
5519
4728
5802
4730
4873
4694
5242
5160
6006
4799
5877
6368
4788
4763
4812
5469
4916
4918
4843
5202
4806
4786
4770
4771
9146
6651
5150
4728
4760
5333
4772
5975
5773
5791
4826
5211
5353
4853
4815
4786
4797
4835
4788
5097
6920
5533
5072
5681
4773
4828
4804
5338
5528
5428
5940
5467
4936
6065
4786
5785
4911
4780
4741
4696
5132
5173
5087
6448
5308
5937
4925
5929
4803
4793
5306
5311
4762
4806
4761
7350
5680
5376
4776
5522
4836
4795
5096
4769
4708
5821
4910
5450
5298
4724
5190
4752
4827
5030
6259
4879
4806
5286
5063
4784
5136
14699
4700
4787
5154
5906
4881
4773
5465
5812
5030
5597
6290
4789
5850
4801
4780
4806
5586
4767
9839
11538
4930
4905
4778
4784
5616
6232
5043
4802
6410
4746
4732
5750
5787
5068
4767
5610
4800
4836
6022
5685
4784
5069
5389
4706
4802
4798
4782
4721
5879
4778
4804
28335
4830
6086
4770
4771
4765
4870
5947
4786
5269
4768
4696
5305
5828
4845
6065
4791
4737
5614
4925
4770
4817
29084
6113
4798
5081
5999
6414
4838
4814
5400
4824
4946
4821
4845
5696
5000
6227
5575
4791
4806
4862
4780
4771
5862
5785
4780
4797
4772
6072
5574
4843
4790
4757
5729
6054
5206
5009
28551
5353
4842
5709
4737
4787
4731
4775
4830
4724
4795
5661
4759
4947
5089
4770
5287
4738
4810
4867
14965
4797
5964
4815
4772
4767
4801
5501
5317
5592
4800
4979
5755
6104
5559
5120
6147
6217
4702
4909
5039
4836
4794
5007
5013
4821
4899
4802
28242
4735
5921
4826
4873
4726
4970
4815
4795
4817
5021
6065
4786
4776
4802
4763
6677
4814
4954
4737
5072
4990
4721
6313
5515
4816
5946
4756
4765
4788
6290
5363
5095
5939
4741
5895
4908
4847
4938
5454
5307
5387
4757
5998
5785
5076
5003
6020
4975
4931
5705
4758
5888
4742
5759
4778
4795
6707
5011
4815
5793
4797
4769
4789
4710
5749
4782
5545
4776
4792
5659
4802
6010
5665
4872
5162
5510
5158
4942
5032
4830
4934
4852
4782
4745
4735
5536
4715
5398
4922
4968
4940
4795
5879
4840
4767
4814
4810
4862
5348
5109
5680
