Cycles
29206
4736
56367
4985
5912
31973
5419
4800
46431
45193
47553
37571
30988
5024
41016
29542
45807
35964
6102
44798
4795
5914
4832
30599
50892
5897
5630
33763
5426
4746
4823
4826
4841
5038
4813
4910
4890
5178
4836
35955
30389
5806
5016
56127
32908
57847
34429
34928
5499
43433
45220
29020
32028
5734
34720
58002
5396
5253
28233
58294
49662
47499
4762
5569
52192
39630
4825
25058
4817
5519
4826
5329
32197
4923
54225
5584
4815
36802
46404
47034
4840
5480
4983
5514
29331
29270
56944
6454
4945
4829
5435
6043
57445
33816
51954
4793
51813
4935
4842
4838
5186
31028
32284
49244
37705
4757
4968
39619
5646
29961
5381
5373
54946
30363
6504
4829
47568
4860
45349
56046
5221
33601
4812
4832
6834
4801
5940
30998
58547
32131
54844
5017
40165
4692
42099
4943
42429
4907
4721
5503
5023
30402
33798
33752
31305
43410
31165
36128
4905
5785
48023
42031
5598
32869
5847
48872
4845
6603
5631
5858
31967
36608
31123
33208
4941
5087
46349
5077
5424
4834
46051
47517
9897
12052
8098
5432
4806
36550
33627
34023
32518
5160
28832
42751
34482
27963
4860
35968
56765
32917
5502
4812
5953
4910
5879
4938
5907
4894
56910
4871
4713
53650
27486
4851
6242
6623
5506
54492
4808
56304
4767
4812
4726
5031
42538
6469
5033
5716
6033
31650
5514
6141
5005
4840
4826
5786
4891
5151
24400
4815
5551
6214
5774
4824
4851
4816
5668
18509
4772
4851
5205
51024
5510
36718
4842
4791
52326
31689
33532
33343
40854
34724
4855
44600
4845
43587
32693
27457
5031
4809
6201
4837
6240
4826
5493
4823
4905
4782
4832
4875
4798
5035
4841
25599
6792
12627
4800
28117
4857
5895
4836
5916
5046
5696
5478
5485
4829
4839
5028
5986
6290
4875
25531
11954
5662
4818
5322
36178
4804
4996
5755
4837
5536
5078
4886
5000
4832
4750
4752
6026
4853
4886
5316
4799
5231
5607
6668
56970
55629
38133
5236
5476
4888
4814
4817
5195
6034
6169
4818
4802
5145
35313
4821
5063
4797
4830
5086
5938
4922
5300
4832
4830
4757
5609
4812
9588
4824
4815
47133
38878
29568
4771
5266
53991
37009
48019
29452
4815
4851
4744
5151
56743
4769
57891
52266
24544
49280
41139
4994
4800
4815
5599
5786
5141
5863
5346
5299
5315
4738
5437
5703
4724
5117
4811
5709
4754
29548
4996
4908
4766
4964
4783
6165
5992
28901
4774
6174
5318
29399
4826
5711
4841
4827
4831
4927
4827
5777
6286
4715
36459
5227
6046
5018
5955
56905
4787
5526
32861
57624
33334
30156
43811
57372
29378
32221
31924
49170
14578
5221
38295
5004
6219
51514
5022
32742
53089
4715
5153
5670
4783
5190
4888
4724
5072
28657
4802
5955
4845
6112
6737
6292
4830
4842
4812
6074
5087
4744
6173
5029
4774
4808
5083
4760
5266
23883
6009
5094
4841
46490
38241
31177
52397
30994
30775
30185
31255
58493
4879
57080
30593
38969
34428
44406
6873
39636
35679
42258
5733
5687
5634
4994
24544
4943
4829
6454
