Cycles
47524
4702
35651
57054
5655
4786
47338
35310
52177
25487
4931
5356
33367
5052
5460
56570
57914
41528
5210
45813
34981
5143
4804
4811
50092
29004
4777
55849
4927
44332
5667
29276
5906
5056
5409
5184
26371
4752
39444
5099
54825
34327
7990
6161
4747
41597
6013
32841
37882
28384
5143
49245
42252
53318
5720
37627
51946
4981
5267
30281
33616
38441
6139
5765
58402
29664
44557
47764
36279
9748
6364
10422
5412
5004
6264
57880
47887
41755
38779
4789
35264
5986
55573
41291
58514
48555
35759
55426
47058
5472
36938
29593
4856
4780
6009
51177
5290
29214
47092
5324
42491
44658
4787
38962
30833
4806
4760
5199
45203
36837
31326
46797
33039
43574
44269
6074
35986
35337
4721
4743
52145
57595
32456
32720
36105
55009
12491
42707
42198
5780
4760
44836
39204
30860
57317
6126
4785
53445
56862
31806
5089
5407
38068
52911
44377
27497
4800
4924
29797
26820
38886
5564
5706
7364
42429
53652
49636
4804
5802
39057
5212
35793
29507
5182
30722
51568
32921
58838
58327
6061
4842
49526
6011
51931
52124
46691
36966
28908
4985
34220
4795
11435
6927
5063
5491
5348
5426
34150
31268
51114
4776
28987
4917
5177
58387
4887
58307
55642
55756
33547
48894
467426
4896
30723
37146
35208
5763
5195
43157
48833
28365
5474
44980
30376
7163
5961
58044
4808
34925
5640
4914
4904
43437
4767
5661
54789
58732
29358
56194
5706
4808
5475
462400
44580
42657
4771
53583
53989
54538
47135
56743
4795
4795
28687
54717
4860
4778
57669
4803
4796
5628
4987
47321
37368
30160
29875
5348
54696
30006
30532
35405
58712
4749
4798
38243
50492
45416
41067
41142
4955
46204
4773
5482
31296
4776
4780
6286
47976
44889
4774
53981
32599
6017
5599
44200
44693
4793
6544
32167
4775
55787
4804
28796
48481
5563
37826
5903
6024
50116
32687
41573
5989
51638
5994
47290
4935
32083
52425
37813
4688
4711
32976
5899
28361
4923
40010
57611
49600
5817
14085
33176
33726
4771
5862
4757
39608
4849
49039
59212
30555
56914
35085
440696
5139
54994
32621
30168
4956
56136
6471
4739
46872
59026
37899
37669
37681
5042
6922
4741
4841
4715
4698
28459
28596
5794
4772
42945
35752
54180
29104
4838
5920
36128
29936
26011
4946
6013
57339
4763
4954
28567
35942
56920
30109
30244
27475
58599
57155
4697
468599
51881
33331
4822
55495
6088
5065
5156
5020
55771
32631
42167
4725
53023
4830
43158
4789
49068
5772
5876
46575
48233
4774
40683
4840
4770
56497
5249
5201
52337
5918
49017
4803
46476
4729
5488
56061
4996
4715
54149
57985
5053
4912
4902
5029
5944
4844
5739
5085
4955
4788
6154
4789
5188
5875
4995
5853
6091
5160
4812
4743
4767
5454
4912
4789
4942
4827
5147
4771
6280
5601
5443
4809
4929
5974
4866
5944
5486
4772
5422
5480
4922
4810
6032
4780
5668
4912
5819
5917
5476
7398
5728
5406
4940
6286
4998
5331
4921
4983
4777
4798
6054
5651
5261
4843
5542
5998
5312
4847
4782
4846
4865
5232
5397
5369
5005
4968
5788
5087
5257
4987
