Cycles
41971
45732
5168
4722
57381
33647
4717
42246
4877
5953
6016
4882
49899
32033
30128
57299
5346
53548
58117
58400
54246
54287
5498
4728
51069
46861
43887
48566
52808
4804
50403
5729
41906
6346
5788
35451
4737
44654
33459
4688
54281
5235
4774
5065
41947
57264
29307
29258
4784
51143
4770
5610
40625
38057
38066
5491
4754
5301
38483
4929
5785
39510
58281
33254
49708
6206
28064
6365
37608
5204
32577
4806
34992
5376
46442
31631
46923
5503
30173
5430
5374
5105
53268
40425
5337
54810
5504
55143
5932
31726
42519
4970
4767
37431
4873
6652
46490
31744
56642
50870
4772
5020
5133
5078
47496
40637
39118
52747
39762
43880
48360
5055
5303
52659
33845
4785
41398
5052
5007
50723
47647
44514
4808
47866
5370
4944
5756
6215
4793
40263
56526
5206
41962
32960
56383
5780
26614
5621
4856
57832
36065
53886
47579
7397
37897
4862
51053
55567
38403
41992
4722
5596
4701
5292
29378
57026
4722
5159
39546
36890
4711
4886
40471
34687
4871
4816
4951
26194
4863
5320
5835
5165
58717
31820
32847
56817
6551
33702
44598
4715
4757
5877
5463
32512
58158
30130
57417
4946
4793
5807
18805
5949
46209
38634
4722
6381
39381
52276
4993
5986
47684
32545
49213
5342
4729
4926
5721
47507
56659
57398
56903
4892
46409
5320
5212
37525
4945
44085
57201
5752
4830
51108
49583
59119
31813
17544
4826
6016
5644
4811
56218
30748
30501
58163
4861
5545
4795
49678
37854
42628
29633
58709
34858
34094
4754
44785
47973
42796
37716
30262
5227
47401
41256
4802
32343
5205
32128
42749
17120
4778
4845
53587
5105
5462
29630
40111
56858
32314
55315
37187
54801
4696
54045
7672
56060
42962
43931
30536
44068
52840
5036
35884
4778
5737
32763
38567
5771
50319
54741
36325
5284
44170
5562
48403
37353
4814
18375
4776
25750
4962
40232
54929
56771
56576
26490
6443
4815
56280
29942
47069
56082
45941
56300
4802
14402
29745
4769
50538
29780
5281
53024
43362
56207
5578
5715
35389
4839
39397
5877
4996
5600
5445
4858
5298
28583
52922
48280
6122
4785
4796
5897
5769
45211
57339
29149
46546
49827
4784
48008
35429
5978
5858
4776
4834
5663
6428
4907
4931
5986
5506
4834
38362
5809
30942
36089
4759
4873
38527
5918
4765
4778
6557
5341
4948
4797
39467
56361
38076
44217
5588
4798
5486
33098
32614
58826
57432
5318
35573
4729
16033
49014
36441
5618
4722
51756
5776
54717
32856
55857
30303
5585
19023
4819
43259
44040
4780
56981
32644
54207
29063
4770
5540
58201
42589
49687
56884
5045
5199
5712
25300
40902
5290
31009
31318
5752
7472
30880
42770
6065
54641
56110
35012
51946
54730
4878
4884
4791
4726
6184
4879
6183
5562
4770
30273
4901
4731
4776
5828
5621
4987
5229
36156
48220
48651
7255
43259
35429
42962
5105
4754
41906
