Cycles
38144
5225
51467
44684
35042
42464
13291
28218
4683
23764
5165
5951
41220
37440
4828
41054
44623
4930
17748
4902
5124
25819
41466
4808
48997
46775
25181
4823
4782
30253
4839
29106
4810
28211
41993
5935
54805
29150
31081
57443
58078
34461
43405
50147
28516
5458
4823
46160
34398
40677
39923
5241
4837
4819
4819
4823
29491
4813
55499
57940
57028
4808
53125
5106
46098
5294
4808
5855
54118
41362
43163
4782
35562
24888
5310
5577
58672
4806
4834
56870
31098
5415
4793
6554
49953
5754
5369
4791
48738
6089
4815
5497
5365
35284
4998
17120
5443
5056
35884
4841
5085
4827
39934
4787
5022
16140
39454
32830
30026
57953
34247
30564
9630
30290
27909
5249
4828
27300
5063
39487
32122
31325
37601
41876
4819
4922
55153
6177
37582
46967
57677
30767
5476
5912
29395
6042
4892
4947
17732
30082
36994
49273
5110
5542
4812
5009
5748
5759
58687
33570
55637
56976
33162
4784
5040
4871
45822
9105
49870
4791
5368
6290
23782
4814
4806
5705
6180
5190
23715
31043
29313
4888
5008
4793
29411
54037
29030
56153
46118
4836
4720
37083
5867
4981
5220
4897
4990
4786
36793
55806
37349
30953
4797
6261
37049
37103
4857
39281
59526
34121
41216
4983
57182
30128
41498
4817
4832
4693
4860
6081
6030
43181
5940
30879
32789
33052
4837
45863
54622
24475
4827
5942
25172
4803
38029
31940
34411
33530
6112
44192
55749
58309
39103
26836
5942
4827
25691
4717
24097
36613
29882
29128
5491
45373
7116
47837
4907
34029
5744
40608
5709
38770
46401
48570
4729
4890
4717
30057
31834
5551
5745
4806
52832
4711
43712
54996
31363
32171
25274
12383
4804
4994
4808
38034
31484
39805
4832
40243
38943
4838
34603
29417
45872
5659
37561
5450
4806
4832
5469
4827
32948
47101
16232
4972
54671
31518
32082
53386
31232
43726
4813
4853
4806
4957
56387
33577
38420
52320
39436
56637
29737
44967
4836
33005
4798
29862
42506
4815
44883
5907
35197
29540
60231
5742
40558
52918
51667
4849
4831
28804
27328
4993
6018
5012
39926
44738
4823
52283
40586
58653
41749
29051
4947
36219
5039
5002
58515
29916
4825
4817
4763
25795
38793
4797
4799
14273
4847
5384
26263
4795
37481
31331
5882
4829
4811
5839
5715
58588
34429
51445
51421
5061
49126
30472
43749
44913
4824
5095
5035
5184
24408
5639
28676
24978
56207
32099
29222
4693
45967
44544
52289
7983
43412
5150
45183
5425
24049
47598
38070
33292
35391
36014
4891
5466
4687
31391
6122
31903
47233
4708
5473
5277
5801
31395
32904
32704
4828
7936
5579
5149
4799
4840
4814
42841
4837
5852
48310
4678
37482
4791
5168
57095
30858
58525
33061
4825
4772
5288
5040
48406
37736
32417
5690
57160
38260
30819
32177
24659
34042
4928
5294
57545
32396
57365
37647
31050
35203
30456
46118
5190
38282
47468
57149
31320
58464
35884
31277
31985
4761
4830
57215
48368
37581
49082
47047
46453
34551
5123
49870
56653
49503
30339
45513
47138
4831
48143
4845
6120
4847
35530
34273
57694
33304
28804
4797
4888
41876
30564
43405
37440
