Cycles
5218
4797
4702
4681
4763
4791
5011
4897
11878
5977
5063
4787
4795
4836
6113
6396
5437
5221
5212
4771
5892
4891
4773
5625
4755
5484
5359
5020
5767
4793
5321
4808
5905
5845
5562
5787
4826
5681
4668
5082
5121
4854
6154
5150
4709
4672
5871
5169
4953
5083
5581
5117
4802
5052
4808
4981
6390
4760
5894
4793
4969
4908
4808
4800
4879
4638
4819
5126
4916
5583
5289
5364
4798
5679
5160
4901
5852
4800
4965
5642
5301
5033
5617
4806
4823
6076
5186
4805
4839
5864
4797
4780
4815
4795
4776
5627
6335
6256
5119
4863
5532
4960
4812
5555
5622
4970
5623
4788
5951
5270
4919
5450
5050
5068
4808
4817
4757
5892
4877
4817
4815
6815
5046
4851
4966
5232
4730
5603
4879
5847
5965
5093
5153
5052
4838
4880
5860
6011
6176
5804
5455
5558
4998
5008
8041
5024
6387
5497
5009
4776
5545
5742
5256
5480
5366
5314
4867
6393
4808
5512
4869
5342
4769
5143
5666
4892
4826
8465
6033
4919
4828
6212
4998
5730
5861
4808
4709
5286
5154
4983
4690
5733
5329
4822
5422
4847
6269
4842
4832
5035
4880
4871
5564
4763
4832
4851
4801
4933
4962
4938
5072
5693
5701
4683
6028
4793
5065
5409
4715
5363
5724
5110
6618
4791
5022
5134
6711
5944
4930
4850
5508
4752
4775
5543
5295
4851
4862
5146
4784
4940
5078
5162
4615
4970
4829
4819
5754
4828
5059
5702
4826
5709
4737
4752
5850
5763
5662
4685
5815
5523
4685
4884
5815
5046
5760
5419
4811
5810
5884
4689
5585
4938
6130
4899
8441
5395
4964
4823
4838
7253
5230
5277
5674
4992
5605
5855
6044
5435
4881
4687
5631
4795
5094
4797
4776
4821
5964
4823
4790
9195
4830
5992
6236
5045
4916
4890
4798
5193
4855
5690
5636
5009
4799
5432
5228
6638
4790
5849
5858
5515
5813
4897
5351
4797
4786
5089
5424
4909
4740
4702
4974
5728
4778
5035
4913
5044
6087
5483
4953
4683
4849
4955
5492
4852
4908
5983
5383
5077
4860
6242
6210
4713
5593
5031
4937
6154
5083
5716
5390
5884
4802
6033
4937
4945
4808
5043
6126
4842
5177
4780
5530
4804
6148
5711
5259
5994
4793
6104
4791
5356
4795
4819
4795
5061
6124
4857
4877
4937
5462
5806
5827
5689
5385
5536
5046
6126
6236
4883
5978
4804
5623
5679
5828
5601
5663
4775
6179
5220
5724
5849
4821
4828
4840
5860
5087
4771
5579
5189
5437
4800
4810
4921
4958
5687
4789
5801
4796
4813
4806
6078
4789
5770
5281
5683
4924
4949
4799
5067
5170
4797
5691
4808
5004
5871
6076
4986
5383
4715
5184
4802
4812
6219
5063
4776
5599
4847
7931
4787
4678
5236
4765
4700
4834
5223
5086
4855
4762
5329
4836
5618
4782
5086
5801
5983
5492
4890
4916
4881
6044
5709
5059
5295
5543
5564
5093
4877
5555
4863
5359
4795
11878
4791
