Cycles
5843
57000
5152
4819
36439
32489
4651
28200
4953
4979
4806
5135
5465
37813
58532
42818
28835
48712
30898
55872
45842
49946
4797
4795
6562
4783
4831
4824
5443
38356
5947
5773
24779
37215
6137
59186
33040
55849
5096
4916
4784
5864
4867
30545
40869
23014
4698
57557
36696
56143
35670
57981
25536
38526
32270
4774
4914
4925
4761
5374
5500
5173
4795
5085
4866
4821
29855
5852
48395
5651
4737
38392
48438
4950
42658
37232
5437
5051
4905
4917
4825
4789
29370
31583
31569
5668
4837
55494
55677
31778
31923
27429
6099
5513
31176
54073
46658
28441
6001
36233
32146
5466
4815
5130
52549
31618
58388
4819
54918
35351
6281
40831
4654
47965
57214
34843
36005
40720
5856
29333
30538
4826
5515
38335
5864
58955
28951
38454
42999
35232
24920
5245
5015
31063
5342
5164
53533
32862
32543
31893
4800
4802
31440
33216
5832
52076
39500
5171
48857
42777
33769
4880
55397
5666
5175
4696
34857
4774
6043
57434
30708
58327
33418
9322
4731
34443
44414
4975
46202
6460
5331
4761
51739
4713
45405
5547
5143
4807
4819
6672
37593
31666
32013
31454
5239
4959
55479
57322
32783
33093
4844
53270
33961
5074
5960
6769
5516
51020
42839
6044
39607
55912
43369
5226
4793
31227
4754
6390
52313
29856
57208
58178
5421
5309
30130
57366
55609
31727
44930
4787
6000
5091
44118
5091
4780
57816
4864
4816
56586
33635
31221
32797
41578
5476
4782
40615
5946
4881
4802
5072
48373
4830
55175
31386
57099
57793
29652
26620
30615
16863
47827
4786
38655
56966
5357
5362
29204
35863
47693
30076
5657
5187
57242
38539
37318
17853
6041
19547
5901
4784
5577
5468
49731
36439
4972
6184
4808
37994
4812
14137
23969
5573
57490
59436
5264
4791
38893
32195
4808
36841
34830
35403
5714
6035
53155
41498
5800
38161
30227
4827
5170
54264
57359
56536
56890
33635
18738
5791
29879
51881
5108
29213
4765
38729
31895
30393
29777
4791
31257
30238
58950
44645
57955
4992
5342
4832
4651
5035
5156
47818
30501
5085
28881
23442
4988
4758
35825
4782
5791
30071
31361
57966
57935
5513
5179
4817
4792
4763
38726
4836
4966
4906
5143
6102
53403
30730
30261
36189
43116
29618
5376
5910
26579
4807
4782
57294
4818
5184
4862
52997
31395
35230
52987
4975
4802
33239
57568
29181
57594
56060
4914
30977
50637
40323
4785
58988
4899
5316
41183
4864
5264
4819
26970
4767
57802
4776
4683
6007
37629
31808
57262
56504
4837
44662
4836
36608
57316
4823
4782
55419
31489
29799
5601
45574
52809
32936
5387
7037
49375
57027
44570
52993
5497
34908
5701
34553
23555
4786
4763
58671
30158
30050
30299
31767
58785
49332
47525
4810
16928
4648
4999
4847
48442
49866
50384
5793
45420
34866
5556
53164
5885
55741
34119
52022
43460
5443
4894
56935
4774
4884
57992
31302
25262
30080
5030
55992
47761
4887
4968
38872
4829
5627
44317
32750
43056
4832
5417
56711
5624
4789
25074
6062
29635
4906
45781
5115
6011
47061
4689
37765
30506
4887
4819
52987
33635
59436
30615
41578
52076
29855
