Cycles
4707
4832
5041
5402
4875
4953
4743
4797
4881
7743
5193
5642
4885
4877
6035
6158
7115
4810
5584
5387
4789
4829
6115
5193
5889
5346
4824
5856
6072
4762
9916
5853
6182
4936
5500
6096
5531
4924
5058
5614
4697
5346
4806
5338
4862
5194
5320
5899
5671
4930
5301
5663
4810
4829
4780
4776
5235
5309
7683
4713
4675
4866
6757
5488
4827
5113
4768
5337
6245
6075
6002
5573
5625
5357
6194
4767
6349
5329
4801
4789
4681
4792
4959
5801
5599
6612
4765
4736
4730
4722
6078
4784
6737
6361
4767
5568
4701
5037
6074
4994
5534
4700
5312
4693
6588
4793
4838
5062
5679
5227
4933
6216
5057
6274
5670
5679
5186
4765
5422
4845
5635
4783
6115
4759
4796
5141
4947
4822
4890
4778
4849
4668
4786
6469
5212
4789
5713
5460
5882
4786
4690
5532
4873
4780
4755
4802
5756
5488
4899
4862
4688
4864
4723
5230
4792
4785
4836
5955
4960
4780
6148
4808
4849
4845
4789
4886
4723
4674
4926
5806
5918
5489
4767
5465
5314
5506
4979
4813
5493
6802
5540
5782
4763
5510
4867
5039
4814
5882
6244
4754
5943
4780
4670
4834
6869
5018
5860
4825
6852
4754
4806
5323
4826
4664
4991
7424
5525
5244
5787
4770
4683
5574
5791
4809
4830
5514
5382
5020
5881
5064
5104
4806
4782
4796
4795
4772
5415
5776
4775
4681
5328
4842
6089
5895
4869
5892
4801
5590
4956
5135
6154
5063
4778
4726
4966
5278
6401
5914
5385
4686
4739
4882
5965
8279
5374
4791
5216
4773
4748
5897
4873
6115
4786
6000
6301
4702
5495
4757
4768
4769
4800
4678
4689
6031
4754
4862
4788
4804
5884
4886
4791
4940
4687
5395
6093
4764
4776
5443
4793
5028
4778
5268
5406
4763
5616
7748
4821
5549
6027
5188
4878
6560
5426
5093
4756
5009
4987
4819
4917
4935
4750
5258
6050
4785
4802
6387
5275
4795
5292
5091
4782
4774
4782
4772
4940
4878
5511
5919
5327
5141
5154
5888
5527
4789
5724
5402
5836
6636
5389
5007
4795
4903
5484
4748
4886
5782
4808
4796
4750
4960
5398
5420
4795
4819
5684
7374
5508
6668
4927
6018
6256
4886
5627
4735
6130
5070
4763
4912
4776
4992
6102
5849
5041
4840
6357
4724
5059
5391
4802
6595
4772
4711
4922
5057
5108
4774
4853
4921
4770
4892
5858
4763
4708
5402
4754
4795
5813
5755
4779
4761
4778
4819
4808
4774
4953
4780
4774
6256
5925
5191
4884
5131
4886
4775
5107
4918
5586
4802
5383
5913
5173
5709
5441
4884
4765
5592
4823
5378
4850
5252
4789
5450
6588
4817
6057
5697
14909
5584
4882
4910
4810
5903
4771
4812
5498
5413
5508
4819
4832
5737
5517
4668
4983
5907
4768
4758
4918
4766
4813
5292
4785
4886
5063
5525
5489
4688
4783
4768
5113
5531
6115
35230
