Cycles
6230
5794
5756
5388
4895
5279
6286
5333
4757
5100
5711
4704
4805
4780
4791
4761
6108
4784
5335
4777
5866
5799
5457
4802
4782
25188
4860
5724
5923
5147
4752
4785
4735
5584
5186
5322
5784
4791
4815
4793
4769
5203
4838
4810
4780
5006
5141
4847
24589
4733
5862
5363
4763
4748
4804
4771
5491
5294
4789
5386
4718
5914
4758
4694
4765
4742
4753
6739
5800
4888
4918
4979
5544
4797
5898
4795
5173
4880
6115
4919
4699
4732
4733
4739
5132
4786
4792
4842
6186
5257
4745
6061
5374
4724
4735
5984
5433
16308
4897
5817
4851
5387
5103
30112
5147
4700
4996
4904
5649
4950
5864
5414
5084
5693
4774
5504
4749
5944
4985
5579
4772
4759
4815
4743
4782
5055
5449
4786
4789
4722
5985
4741
5417
4813
4996
4838
5694
5832
4765
7083
4949
4810
5094
4789
4894
6826
4986
5932
4868
4825
5910
5568
5107
6076
4845
5441
5150
6043
4789
5074
5785
4745
5026
5152
4857
4788
5666
4960
5657
6126
4700
4871
5829
5395
4983
4789
5102
4760
5493
4707
22639
5283
4668
5490
4747
4790
5599
5547
5002
4752
4952
4948
6296
4762
4906
4750
4782
5327
5747
5478
5272
4789
4954
5365
5834
6413
4908
6054
4754
4750
5303
4773
5117
5922
4998
6091
5128
4966
4775
4765
5215
4756
5212
4705
4694
4763
4756
4864
4782
5647
4689
4763
4817
4689
4750
5694
4847
5012
5046
4754
5916
6033
4754
4763
6382
4793
4779
4992
4947
4756
5724
5238
5422
4769
4843
4761
4748
4780
4769
4754
4788
4769
4736
25069
6033
4769
4789
5540
4980
4786
5590
4707
5317
4771
4782
4780
4770
4776
4782
4967
5587
4788
4757
5033
4705
5986
4772
5309
5340
6146
4999
4743
4952
5731
5895
15703
4754
5432
4761
4752
4741
4925
4796
4790
4808
4767
5048
5180
5134
5309
5962
5228
4785
4759
5011
4778
4910
5603
4776
5119
4987
4901
5651
5199
4756
4685
5525
4750
5762
4733
4914
4741
4754
4694
4761
4797
4703
5927
5873
4952
4742
4683
5955
4907
5978
5340
5972
4739
5057
5696
4799
4879
5649
5720
4803
4899
4758
24462
4800
4763
4797
5096
4752
5396
4764
5821
4767
6307
4780
4790
4776
4726
4765
5815
4737
5577
4726
5673
6208
5653
5614
5385
4808
5940
4757
5921
5829
5981
5198
4895
4727
4746
6344
4739
4788
6178
5797
4782
5437
5452
25137
4780
5080
5516
5912
4778
5277
4802
5421
4769
4780
4765
5493
4801
5129
6122
5147
4819
4803
4868
5601
4752
5679
6002
5799
5441
4868
5342
4760
5123
5929
4873
4769
4732
5637
4692
5210
4860
4999
4816
4732
4760
5264
4735
4761
5144
5140
5913
24999
4786
4992
4815
31057
4810
5031
4726
4743
4728
6739
4757
5545
4752
5346
24963
23913
32873
4778
5283
5132
5132
5283
23913
5545
4726
58212
57048
5031
4810
31057
56759
4815
4786
24999
4761
36850
4735
43172
