Cycles
44185
5765
4932
4773
6184
5842
5277
5553
5936
40852
5831
48064
5124
5593
4704
4818
5929
5164
4864
31159
4691
5225
5214
4989
4856
53452
4819
48517
5208
46658
4778
5827
6608
35962
4937
52231
6681
45803
5360
5411
4915
5065
6002
4821
45392
49498
5421
5208
5634
5862
40241
17295
4797
4782
4951
4797
4984
35429
4892
28538
5635
29374
5687
4802
15709
12808
6583
6055
4809
6063
4806
6850
5152
4800
5699
5482
5243
4799
4825
50509
31115
40344
5014
42740
49931
5662
47833
54112
5863
5141
4998
4785
4805
29977
6256
5338
4784
5543
5795
4871
4925
49194
4791
5956
4786
5701
5292
4836
7552
4966
4988
28287
50553
34482
37301
5083
47472
36695
31575
32165
30761
5099
4808
52765
36022
32150
57379
6227
4953
4777
5972
4771
47232
4742
5152
4720
36385
40751
4830
57795
5378
6616
46102
40941
51200
52573
5484
4770
31152
51080
47105
40297
39332
44099
50032
5331
4764
51922
30348
55200
28966
4977
37297
51523
5333
5800
4688
4811
5813
28319
5730
4886
4718
5520
4877
4773
5598
5437
4804
5547
5368
4797
4786
5728
4852
5290
5877
5165
5630
6124
29592
5545
4777
4793
4763
4786
4979
4922
4793
4913
4769
26003
4819
29320
5445
5455
6182
5011
4784
5106
4791
4785
4804
6313
5067
6074
29318
4802
5821
37306
4847
4804
4748
4782
4789
6046
4713
4802
4793
5874
5156
5329
5906
5873
4797
4736
5821
4780
4848
5845
5953
6071
5102
48959
6933
43921
28905
5707
5996
42200
5361
39426
47181
43031
36355
4793
6130
4791
4869
40187
52415
5355
4771
6001
4739
5607
5308
4720
4856
5018
4769
4838
5549
4771
4663
5274
5452
4799
4903
5057
11828
5026
5881
6268
5030
4789
4808
4815
29247
5529
4825
5384
4772
6221
5508
4701
6128
4793
5147
5670
6417
6629
7329
5910
4802
4724
5085
5875
4919
4929
4756
4759
4802
4799
4722
4879
5715
4813
5197
5245
4831
4827
4767
4953
5155
4778
5458
5367
6134
5839
4775
5074
4945
4877
5931
4787
6579
5722
7311
5056
29575
43104
4859
4914
4761
56061
30447
56218
4771
5286
52019
56192
30510
31426
4843
5348
47752
30215
42073
50276
4823
4752
6471
5650
4795
5540
4800
35617
4757
49354
37059
38808
55754
53360
56650
33489
5163
56890
56456
5279
4978
38854
52038
49193
5079
5342
4765
4779
4935
5633
5240
5523
5469
5348
4804
4741
5568
4773
4830
5259
4771
15746
5277
6685
6134
4895
4814
5629
4799
4789
4795
5083
5601
5391
4774
5508
18311
37649
4718
5337
4873
5030
38852
44597
44310
32788
33048
36576
4793
6733
4789
4786
5877
4762
4765
4797
5862
5443
5812
4790
4783
17470
5011
5702
4786
5508
5756
5880
8625
4785
5828
5503
4837
42500
6268
5045
4849
4778
4864
5616
5121
5826
5197
4900
4785
6638
29700
4905
6389
4985
5664
4759
6599
5156
4866
5092
5050
4767
6518
5139
44085
5045
4691
6070
4817
5191
4858
7054
5838
4706
4791
4816
6040
4847
6635
5102
4961
4976
5243
6681
