Cycles
39053
42343
5696
6044
4707
37651
56080
55493
5590
45671
4951
5525
5326
4934
33160
34389
4824
5164
111640
6221
5191
16357
5525
41894
4806
5027
4691
5161
30640
29173
4780
45187
41267
47060
45056
4755
36569
30644
30268
4813
5523
4806
52631
29359
58307
33359
5668
4653
54516
5506
43723
53127
40211
4892
4854
5089
31352
29212
4806
52564
57394
53492
4788
44969
49110
38532
5068
5150
4830
41018
4871
4646
54475
6257
40323
4882
6132
4786
5771
6003
37401
38310
58595
29301
56819
5037
4922
59062
43582
6041
4841
24959
5242
32352
29812
5418
4821
55894
58661
31878
33507
5753
4857
56017
47299
47818
57752
36591
55769
41669
4797
44243
49417
41658
5893
30009
5201
4959
53406
4810
54131
44257
57482
31696
35316
5204
49937
5113
4766
5618
5737
6110
4646
32126
29339
5439
4867
56112
30393
32053
57812
4807
35009
4925
5031
56096
5795
5033
5925
4808
4799
58212
52142
57298
31726
18474
39874
4744
44207
33865
41807
41537
5061
27124
4783
37567
34320
32175
5764
4771
4869
41911
5000
34210
55138
6022
37417
29886
5100
4778
4838
56187
4797
4797
4793
4806
29164
4834
5396
4951
5284
5210
5714
4968
29746
39178
47919
30309
4746
5258
49427
55631
5070
4786
55694
57374
46734
37702
4829
5210
28054
4912
52552
56650
5761
5065
29170
57510
57700
56071
4818
46790
4880
48436
5830
5300
5227
32893
29484
4828
4830
51902
57770
30736
30523
5869
4806
49608
56987
57579
4938
4819
4609
7024
5511
47861
4767
4949
25387
29101
4699
54477
58781
57078
34281
52691
51678
55190
55400
4791
4682
5871
36186
36628
4865
5245
4772
39021
4821
56973
30735
57886
30050
4987
5765
53062
24534
57164
58291
5294
4806
4925
39906
47969
4813
29680
4778
5559
4757
5452
30039
31024
4817
35958
32140
28127
24715
57318
49911
4791
4825
5219
28440
25471
44416
5240
48254
57039
25557
42588
42578
4802
5529
57404
58752
6050
37240
4815
18827
58330
4860
44927
4803
4795
4799
4801
49572
57067
5015
46245
37303
41143
36804
6230
5231
55085
5445
35495
6190
45538
43059
6350
32392
29288
57962
4781
58112
57689
30233
58659
30795
43057
42537
4686
4830
39343
40204
54015
35884
42733
35532
4889
55069
32775
58974
5435
4758
56862
56911
31987
56738
4830
5037
54473
57153
32212
4843
49298
51291
41213
4791
46513
38932
35022
58383
4780
9016
5359
51943
55739
4856
5679
4811
4795
4936
5148
21838
4769
5560
52132
4795
37087
53058
4795
39789
4799
5214
4966
4771
5428
23881
63017
33934
36162
32938
46177
5826
35778
30147
34403
4821
55617
56963
30580
30509
51958
43129
47900
58656
52758
4811
5894
40122
4735
57320
29223
5880
5664
56979
30050
44461
58749
52916
53507
56117
5070
5182
4793
5178
4806
6028
26896
31901
57804
57094
25227
29440
4786
4829
57726
51624
4773
4791
47536
4778
37752
57472
4646
4776
51467
5978
5692
5077
53682
54095
5194
50170
36102
5660
5130
5061
5575
36064
4870
4802
54706
50136
57726
52916
5880
6190
41143
18827
4778
4813
29886
59062
56819
