Cycles
5734
4791
5350
4880
5067
5326
4782
4869
5143
4953
4890
5458
4940
5413
4789
5389
4737
28661
6165
4856
5106
4769
4778
4823
5476
4718
4764
4940
4842
4878
4778
4806
4785
4827
4929
4817
4823
6223
6122
4808
5915
5282
4814
4802
5283
4827
26775
4839
5193
5622
5206
9210
5666
5033
5374
6117
4762
5189
6474
4875
5834
4769
4860
5175
5417
4687
6145
5108
4806
4810
4803
5266
6013
5434
4787
5568
4818
5386
4854
4800
4798
4847
5266
4756
5387
4869
5065
6098
4821
5238
4812
4748
4706
5097
4826
4783
5909
4891
5499
4793
5006
4785
4804
33497
5756
5050
4939
4793
5718
5532
5118
4802
4843
4947
4907
4812
5778
5370
24231
5156
4795
4821
24769
5523
5953
6089
5471
4813
4994
5675
5392
28046
4817
4787
24784
4838
4813
4681
5089
4804
4819
5596
4952
5016
4811
5843
4824
6018
4873
6231
4785
4780
5008
4866
5780
6752
4895
5990
5486
6067
4813
7113
4839
4935
4836
5502
4893
33307
4797
5239
4791
5402
5238
5148
5458
5283
4856
4899
4748
5718
5610
4923
4793
5894
4775
5658
6260
27145
4815
4785
5556
5374
4802
5560
5419
5672
4808
4793
5322
5335
4780
4793
4841
4821
5904
4945
5104
4903
5231
6417
29056
6040
5981
4912
4976
5475
5561
4687
5404
6230
4663
5864
4739
4826
4933
6271
29810
4646
4802
4914
29194
5868
4919
4782
4810
5269
5845
5980
4774
4793
4880
5830
4933
4878
6033
4795
4748
4803
4787
5024
5032
4793
4877
4834
5183
6333
6562
5648
4761
4916
4657
5538
4759
4670
6960
4914
6145
5787
4791
5847
5134
4923
5105
4716
4882
4959
4857
4970
4666
5067
4886
4812
5239
4966
4780
4949
6098
5556
4808
4819
4791
5035
4644
4753
4799
4830
4823
4797
5599
5086
5306
4811
5752
4823
5666
5402
31912
5017
4771
4838
5913
4807
6311
4803
4823
4830
5518
5376
5520
5385
4674
5876
5471
5593
4828
4770
4805
4976
4823
6446
6048
4857
4788
5175
5616
4811
23953
4831
4848
4981
4698
5463
4816
4804
4780
5260
21047
4768
5040
5138
5217
4804
5622
4780
4786
4842
4810
5838
6052
4945
5013
5767
4853
5220
5955
4784
6023
4793
4804
5556
4860
4806
5501
4667
4819
4998
5122
5536
5972
4793
28477
5692
4801
5155
4823
4819
5565
5169
5055
4764
4814
4912
4825
5238
4683
5994
4821
4806
5973
5219
28306
5408
4838
5398
5277
4778
4848
4835
4759
4770
4842
5429
5096
4672
4860
4832
4810
5381
5262
5791
4841
5039
5510
5274
5220
4804
4804
5526
4789
5792
35759
4685
4903
4813
28013
4852
4804
4819
5534
6199
5420
4802
6905
5113
5962
5664
5740
4818
5190
4782
5100
4791
4832
4793
5558
5985
5778
4778
4785
4787
4832
5167
4891
4897
5505
4791
4817
4893
4758
4800
4994
4823
4878
4799
6771
5439
5187
5908
4831
5664
6227
5231
5679
4805
4843
23235
5030
4823
6041
4815
5242
5168
5061
5251
4767
4797
5478
5271
4823
4769
