Cycles
6644
4867
6094
5172
4836
4856
5984
5780
5339
4652
4957
4897
4838
4856
4797
5741
5304
5894
6249
5303
5165
5731
5644
6128
5081
5423
4984
6266
5165
5286
5378
5802
5480
5480
4822
5287
4665
5862
5041
4795
5073
5961
5130
4819
5521
4804
5385
5144
5073
4784
6106
5771
5326
5381
4815
5063
5283
4959
6284
5931
6287
4821
4960
4790
4824
4789
4931
5642
4815
4696
5335
4808
4916
4821
5084
5055
5348
5225
5805
5240
5104
5508
5951
4826
4787
4791
4789
4832
4823
4793
4990
4837
4827
4994
5230
6288
4836
5418
4795
4944
4618
5467
4880
5577
4759
4817
4849
4806
5989
4916
5802
6178
4821
4977
4790
5536
4806
5008
4778
4938
5534
6053
5927
4795
4817
4813
5681
4884
5417
5333
5657
4811
5087
4853
4972
5410
5968
4634
5455
5326
5654
5327
5100
5475
5717
4801
5102
4767
4815
4819
4694
5115
4838
5903
4759
4935
4992
4970
4851
4841
5649
5340
6019
4881
4654
4711
4828
4801
6085
4791
4680
6557
4800
5504
5776
6072
5639
4824
4929
5797
4778
5409
5014
5201
4961
4765
5567
4823
4931
5787
5705
5759
5065
4822
4899
6750
4804
4879
4886
4938
4836
5984
5458
5877
4823
5575
4901
5633
4786
4914
4896
6211
4804
4992
5285
5359
5808
5123
4931
5396
4830
4998
5938
4795
4823
11928
7417
5545
4795
5100
5128
6028
4795
4983
4884
5048
5771
4856
5076
4942
6381
4787
5154
5458
4873
5117
4905
4871
4637
4940
5069
4912
5678
5886
4860
5011
4926
4998
5139
5325
4775
5031
4815
5946
5037
5517
4815
5487
5746
6054
4823
5837
4829
4804
4763
4795
5054
4884
5087
5971
5814
4825
5142
6092
4783
5117
4801
7290
4819
4806
5834
5504
5108
4958
5022
4972
5794
4804
5759
4793
4958
4830
4774
6060
6480
4776
5733
6175
4782
5160
4769
5748
5965
5071
4815
4817
5089
4923
5017
6035
4765
4970
6210
5171
4795
4998
5803
5331
5155
6023
5933
5124
4819
5115
5192
5098
4912
5076
6108
4740
4717
4914
4728
5933
6246
4804
4774
5733
6038
4782
5452
5947
4942
4823
5256
5035
5711
4758
4690
5301
4770
4778
4689
5395
4827
6163
4792
6783
5931
5421
5717
4826
4869
4882
4994
4798
6065
4801
5987
4811
4819
4653
4899
6046
5439
5532
5028
6130
4794
4748
4949
4956
5428
5037
6311
5173
5322
5780
4761
4946
4828
5072
4861
5149
5300
6016
4789
5769
4907
4817
6264
4987
5964
5275
4922
4799
5126
4788
5715
4793
4811
5261
5255
5078
6197
4762
5175
12129
6141
4990
4793
5162
4931
6126
5699
5074
4836
5000
4875
6412
4901
5208
4688
5709
5750
5299
4952
4860
6152
4875
4851
4804
4998
6144
4961
5884
5063
4987
4782
4988
5247
6092
4869
4987
5780
4958
5285
4801
5008
5802
4849
5418
