Cycles
33122
5504
33020
5387
4658
6211
5631
4779
4708
4845
4814
4853
37767
4853
4807
5444
5075
5503
4955
4828
4812
4614
4850
4775
4823
4799
5621
5013
5174
5201
5650
4736
5722
4995
4778
4873
5456
4791
6554
4868
4978
5334
5441
4722
4801
4974
5026
5794
4962
4993
4785
4750
4797
4838
5897
4660
4708
5895
5302
4633
4741
5102
5492
4862
4791
5436
5160
4849
4972
4944
4906
4828
4768
6166
4765
5206
4806
5922
4821
4733
4847
5821
6086
4816
4786
5424
4801
4732
4942
5575
5113
4687
4649
4940
5953
5262
4853
4877
5880
4895
4663
4905
4759
4819
6002
5140
4983
5855
4812
4873
4713
4795
4778
5385
5527
4785
5206
4813
5238
4788
4987
24011
4908
4804
5387
5058
5444
4698
4854
4830
6097
5858
4760
4783
4826
4683
6024
4748
5996
5715
4841
4694
4746
4700
4870
4797
4774
4868
5743
5583
5149
4813
56985
4631
4806
4806
5016
4666
4891
5173
5631
5012
5759
4687
4797
4780
4875
5215
5216
5173
5300
5830
15379
5514
5789
4890
5582
5549
4776
6011
25012
4781
5286
4761
5705
5423
6158
4814
4750
5771
5949
5258
6061
4911
5860
5243
4946
5352
5340
5668
4633
5944
5623
5218
4741
6199
5066
5184
4776
6060
5096
5837
5892
6236
5301
6274
4756
5217
5240
5840
5190
5139
5269
4920
5616
5048
4804
5904
4821
4996
4964
5541
4813
5120
4678
4681
5048
5523
6139
5519
5281
5397
5706
5154
5138
4806
5681
4866
6331
5458
5229
4826
5210
5273
4758
5022
5881
4990
4679
4830
5601
4780
4657
5600
5734
5569
5379
4769
5363
4786
5538
5987
5860
4682
4879
5487
4795
4896
5641
5097
5381
4784
5673
4801
4804
6381
4863
4759
5894
4893
4748
4748
4803
4767
6082
4802
5201
5570
4778
4827
4838
4787
4827
5512
4780
5402
5999
5246
4819
5482
4785
5917
4799
4768
4800
6154
5080
4769
4869
22447
6097
4775
5258
4905
4769
24822
4843
5666
4790
4821
5747
5945
5335
5836
4828
4796
5840
5426
4904
4784
5659
4786
23702
6028
5087
4765
5088
5128
4787
5006
4799
4787
4847
4882
4788
4871
4877
5594
4811
5998
5590
4821
6582
4741
4808
4806
4992
8504
4764
23920
6912
4769
5355
4796
4814
4981
4783
4799
4773
4756
4797
4914
4655
24866
4811
4803
4801
5573
5938
4852
4685
4765
4741
6644
4797
4942
4801
4883
4778
5122
5244
5700
24672
4780
4758
5845
4767
4975
5486
5676
5167
5274
4728
5439
4653
4886
5778
5178
4826
4835
4789
5073
4776
5417
5068
6720
4754
4914
4802
4854
4808
4780
4778
5619
4776
5800
4905
4761
4825
5158
4794
5106
5130
6059
5950
4841
5175
5116
5214
6038
5904
4909
4689
5647
6234
6074
4878
5406
6396
6327
4767
5187
4800
5647
4765
4769
4806
4798
4785
4923
4795
4782
46040
52795
4799
5800
4782
4758
4820
4902
56985
