Cycles
5281
5614
4802
5737
4720
5418
4776
6022
5715
4921
5255
4862
4786
4760
4903
4862
5729
4766
5940
4757
4960
4778
4839
5050
4845
5316
5271
4695
4795
5300
4930
6247
5180
4983
4808
4804
4804
4787
5112
4797
6156
4780
4685
29385
4899
4752
4771
4702
4797
5376
4858
6042
4810
4805
4751
5880
5564
5024
4739
5611
4841
5313
5053
4824
5087
6146
4701
4867
5642
6786
4761
5422
4791
4899
4743
5623
4801
4796
7180
5957
6123
5624
4737
4836
29370
6277
5267
4786
4672
4819
4981
5116
4718
5709
4745
5579
4972
4672
5108
5983
4933
5379
5931
4884
5224
4828
4881
4973
4784
5048
7166
4772
5147
6111
5676
4773
4933
4830
6509
5590
6041
6776
4815
4776
4760
5677
5614
4771
4778
4797
5426
4760
4828
4806
4860
4783
4774
5258
5015
4931
4770
4761
4837
4775
5619
4789
4796
4772
4776
5068
7794
4802
5181
5912
6355
5960
5378
5558
4786
4801
4808
37782
5804
4854
4757
4816
4858
4919
4692
4885
4895
6216
4767
5247
4796
4920
5138
5025
4769
4760
5985
4852
5525
6123
14690
4670
4978
5048
11746
5958
5984
5651
6337
4798
4795
4803
6052
4790
4762
4795
4817
5425
4791
4927
4964
5454
4750
4769
6108
4769
27663
4993
4784
28666
4785
4817
4771
5214
5452
4780
4771
4793
5391
4886
4786
4854
5194
4925
4774
4814
5330
4743
4949
4685
4796
6458
4800
4737
6302
4935
4685
5535
4768
4799
5020
6064
4778
4821
5966
6135
4885
6162
5828
4810
4786
4845
4766
5720
5940
5947
5732
6855
5320
5829
4858
5060
4771
4793
4781
5149
4818
4772
6523
5876
4774
5294
6154
5311
5024
5448
5283
6354
4901
5651
4808
4741
4960
6258
4849
5823
4724
6379
5653
4836
6059
4796
4765
5998
6082
5339
5763
4771
4676
6906
5638
4704
7241
5347
5165
4769
4772
4787
4769
4997
5794
5981
5199
4796
4871
4778
4784
4792
4798
5040
6292
4748
5478
5595
5717
4770
5510
4750
5648
4787
5761
4843
5396
7048
4776
5741
28305
4822
4873
4765
4752
5619
5290
4761
4782
4795
4787
5011
4806
10662
4847
5473
4733
4806
5741
6182
28514
4699
28331
4933
5421
28483
5972
4672
4775
4783
4836
5117
4854
5385
4789
5814
4769
4746
5894
5415
6389
4767
4767
5670
6666
6027
4804
5387
5229
29710
5188
7327
5499
4823
4782
5933
4772
28466
4793
29339
4843
5765
5992
5940
5961
4775
5398
4815
5532
5596
5396
4864
4808
5804
4768
6998
6027
5408
6126
4782
4780
5046
4735
4856
5394
5705
5960
4923
4812
5985
5661
4732
5141
4791
6203
4803
5128
4797
4806
4795
6617
5973
4685
5147
4722
5831
4951
4810
4780
5322
6207
5503
5029
4839
5975
4773
6167
5117
5556
5547
5728
5959
4795
4859
4683
5532
4845
4985
5996
4929
5070
4784
6743
6206
4782
5845
4829
4782
4875
6958
4763
4955
4786
5567
4832
4993
4717
6455
4694
5966
4823
4793
4795
5320
6234
4916
4945
4860
4780
4843
