Cycles
5160
4793
4789
4840
6182
5223
5310
4858
5063
4931
4794
5149
4849
4998
6005
4811
4819
4868
6315
5683
4851
5011
4783
5354
5497
4829
4888
5748
6113
4784
4828
4778
4834
5000
5855
4884
4813
5931
4817
4866
5318
4837
4657
4852
5031
5123
4812
4815
5465
5575
6225
5714
5022
4814
4830
5789
6037
4810
4819
4812
4763
4801
4863
5335
6292
4817
4860
5197
5556
4813
5201
5014
5594
5608
5275
5644
5220
4949
5341
4801
4944
4892
4801
5819
4946
4808
4798
4787
11279
4741
4847
5606
5361
5229
4815
4845
5274
4787
4864
4971
5439
4813
4846
5422
4775
4975
5044
6007
4680
4801
5374
4873
4739
4804
4940
4776
4814
6395
4832
5058
4776
5597
4895
4820
4776
4696
5450
4777
5991
5223
5326
5387
4794
5588
4806
5111
4790
5670
17284
5407
5229
4879
4798
5446
4806
4747
7010
4765
4815
4785
4797
4629
4815
5663
4968
5840
4854
4774
4767
6195
5809
4791
4765
4791
4940
8683
4810
4806
5800
4774
5052
4783
4682
6699
6277
4821
4830
5681
5058
8696
5584
5573
5741
4988
4799
5836
5527
4922
6335
5892
6063
6055
5158
4945
5383
5475
4834
5428
5626
5562
5553
6331
4648
5335
4841
5285
4782
5364
6024
5791
4817
4726
4840
5989
4785
4818
4774
4745
4837
5463
4823
4799
5630
4878
4830
4675
5076
4856
4805
5076
4787
4808
6022
4781
5696
4852
4649
5307
5672
4914
4646
5629
4806
4775
4797
4795
4789
5294
4808
5005
5634
6104
4836
5902
5940
4830
5084
4801
4898
4817
4942
4889
5240
4730
4813
5084
4700
4823
6113
4631
5303
4772
4869
4793
6534
5733
5749
4905
4817
4873
5171
5729
5734
4672
5415
5029
5601
4810
4821
6199
4786
4819
4832
4739
4836
4906
4716
4811
5977
5050
6116
4737
4845
4985
4788
5806
4825
4844
4784
4804
4817
4767
4810
4774
4804
5454
4791
5433
4786
4776
4817
5130
5618
4782
4845
6130
5251
4938
4746
4918
4825
4843
5344
4835
6106
4816
4834
4800
5728
6113
5031
4905
4828
4912
4793
4826
5510
6046
6217
6150
5480
4841
6104
6082
4789
4901
5210
4823
5875
5530
5445
4803
4804
4785
5862
4803
4763
4811
5350
5299
4882
4763
4786
4782
5703
4758
4804
5796
5359
4767
5955
5834
4786
4806
5029
5151
4760
5389
5452
4783
5297
6264
5583
5629
5140
4993
5536
4916
4847
6037
6152
6307
5677
5241
4692
5282
5714
5510
4878
4794
4786
5096
4712
4778
4786
6049
4811
5054
4851
5325
4806
4869
4793
4797
5309
4886
5253
4828
5292
4780
4798
5594
4804
5032
4798
5668
5962
4799
5013
5508
4835
4666
4799
4851
5005
4810
4821
5011
5819
4804
4797
5822
4951
5945
4812
5936
6007
4642
5214
5607
5340
5003
5342
4932
4934
5475
5058
6016
4814
4835
4838
4830
5108
4910
4819
5074
4835
5819
4847
5029
6082
4793
4843
4767
5029
24043
4817
5084
4675
4945
4832
4801
4657
4813
4778
