Cycles
4837
45828
36149
30700
57219
5640
53782
57504
5893
5534
5973
4876
45027
31535
6141
18254
4776
5836
4801
7969
4776
5002
58692
44524
39672
5339
5387
53018
4797
36215
15935
4761
4976
28326
37647
5236
5240
34180
4904
45740
5692
4988
44248
28384
37172
30309
25511
56676
56873
29082
5726
37331
5482
53539
51452
4710
5940
4786
37461
30237
25431
5758
36694
29978
84926
30112
6033
52805
57579
58742
53748
5931
51291
4898
5006
34391
46570
5482
37877
29432
4759
5958
55856
57363
29187
30266
49779
49140
4754
34262
4749
45956
31335
5234
4720
4808
6016
4773
5685
5016
39746
25920
4756
46929
38710
5618
33285
36689
34826
56457
4901
5713
44524
4962
44973
5492
56214
5642
36767
4787
5492
5962
5391
4763
4778
39986
4717
4734
5506
5287
5658
6240
5935
5861
4752
45797
35072
4792
45541
49987
4989
6030
4787
4927
4752
47720
31612
5700
4774
28285
35519
32756
5327
4819
5571
5774
28901
29981
18293
4781
4875
30304
12917
5648
36733
30838
31128
57644
44564
6498
59307
35994
39004
49874
5199
5313
4746
4782
4912
30802
5957
4804
5372
4827
5916
5158
6105
6007
5815
5546
5651
4813
4865
4762
38573
35618
4836
5744
4832
4804
5879
4763
4772
5586
5476
5684
41624
5361
49639
55287
33192
4776
4752
39867
52803
32523
29968
4914
46248
32164
4777
51650
4793
34295
35498
36167
56549
4788
4871
4795
52041
6059
4757
4759
16619
4795
4755
4873
55622
54674
30013
41007
5803
24308
4780
28959
49583
30492
5044
5200
51795
43461
31039
6505
48680
4821
4927
37658
6884
4804
56981
57007
5212
5847
42058
50226
4847
54872
36571
43565
5365
4856
5163
7286
34398
55424
55985
5085
52400
26551
56434
4759
46991
24920
4785
4847
55954
4793
5176
49284
58058
30616
57823
5677
5577
52775
38169
36417
4792
37548
4752
54755
46409
4779
52147
6089
5149
5076
4772
4970
5020
4787
4966
5413
4694
5657
4726
37761
4748
5447
4780
34763
55011
25965
4787
28752
31631
25488
5387
28620
42641
32964
30777
39285
53274
4773
34681
4777
12312
38089
32899
31536
5675
5783
55812
34002
58785
58747
4822
4971
6056
4813
55011
4853
6797
51672
5240
5583
5676
40904
4877
34571
33098
5065
54130
57430
43915
44347
31849
46988
5383
39321
4785
4754
35383
39520
4785
34852
45609
6247
54324
5020
6572
46622
4819
4838
4987
58837
28335
29698
35568
37208
45932
57022
30374
39467
33590
31467
49242
6519
35607
46789
4983
39561
4798
30072
50212
4766
4815
5693
29018
4781
5123
4784
4847
4826
6120
4771
5223
4737
5598
4796
5288
5873
4800
4989
56085
44539
4744
34646
4725
47984
29596
38433
29477
56849
5219
4785
44710
7052
5709
50204
49404
37731
56725
44448
5919
28278
38538
32860
4791
56071
40960
5109
6111
30297
6055
4715
4676
32869
51639
5570
37387
4899
31599
28957
24488
5906
5671
31415
4764
45766
5598
4895
5709
30026
46941
4739
30502
5465
50732
47379
44131
30736
5262
4687
4807
4851
4763
5814
4868
4797
4845
18378
4797
4802
4744
51672
44564
4797
