Cycles
49652
4805
4780
5891
4694
35160
47137
48810
4987
7435
38384
37835
32946
4764
4754
4862
4935
29811
36573
6061
44375
42565
5195
40776
52221
38722
5305
4903
4949
4767
5603
4775
5895
5148
48907
57385
45820
54125
5138
4806
30184
36319
57227
35100
5852
55290
4776
4794
40307
5892
4840
50574
5614
36512
4791
42766
5424
53346
4802
4664
5437
29095
4947
56410
29524
30115
59148
6100
39949
34311
53719
44070
55183
37762
5008
4797
6068
49827
5997
5715
49502
25110
45613
41226
4776
57058
4774
5439
5414
5325
5679
5426
5820
37288
4763
4957
36690
4768
4787
46959
30869
46585
37992
34518
4726
57687
5631
4783
4843
5795
5204
4778
46630
4696
53089
4834
5303
5545
39766
5893
4899
6052
40151
43980
4782
43066
37813
4715
4815
4773
6672
53665
4782
29458
4815
50842
53444
58760
51317
5875
5762
6074
4791
50401
5126
5763
4826
4781
46130
32193
34698
44464
5534
4756
50769
6722
4821
5007
5484
4690
4775
53857
52022
35692
34147
33089
6016
52596
48818
39990
36163
51469
48674
28690
4737
53722
6797
4739
5292
46483
5417
4864
23589
32111
48548
15630
5975
58810
4654
33109
4814
4774
4979
37567
7856
4768
53101
30061
39144
59655
4838
41280
34669
29547
45217
6018
5018
47902
5981
5092
27509
5119
4772
5013
4923
4709
4864
5156
6253
4794
35314
32676
37835
5256
40040
42787
4793
45819
5436
38033
6206
5620
4775
53864
45952
6181
4819
52972
47676
53229
35158
50086
48116
42656
5640
54305
48969
46464
53122
6152
51565
6288
52704
4759
4773
51833
44760
4817
5511
4897
55681
38559
53909
41753
4781
4849
5259
5137
4860
41163
57348
31171
46923
4843
38301
5342
47386
4908
4760
5062
5459
57096
40919
5052
6159
6426
26492
60478
4761
5355
34247
42189
35499
30180
32717
43424
4827
4771
5843
6989
5199
45507
29995
31529
58480
4804
42085
32716
40815
4768
47430
4823
37472
25987
4802
4804
31160
31031
33123
35888
5445
29875
5186
5769
50627
42473
5212
51369
5348
5852
29026
33445
4985
41867
57380
46598
57257
58035
37695
46720
36574
36806
5642
4812
4798
45267
44677
58003
56818
26292
41109
4694
40751
38960
52740
54881
54911
44913
5384
5668
5733
36113
55446
4789
52846
5162
43135
52590
4884
6175
4911
50517
50157
28260
5031
49754
36169
4847
54443
6035
5162
55238
44748
4799
5795
5529
5920
4770
45607
4797
4940
4893
4808
4817
5550
4825
4787
48568
57363
4901
5139
5303
4792
48557
6074
40124
56629
4756
35445
42792
48127
4706
5176
59672
5145
48676
33515
42388
4791
36793
4882
5558
4778
44874
4875
47196
5074
5331
4985
4771
47865
5981
57083
33651
29158
4855
37232
6016
54004
24935
58120
5711
4791
43368
33374
41885
25604
5519
54527
33426
37585
36059
28970
4799
34523
30231
4797
13422
4819
54321
4808
5667
53765
56032
46708
4806
5205
4674
54307
34823
29171
35826
5851
4732
43535
4784
4819
4867
5352
4787
4780
50645
58341
58285
10152
6022
5239
10152
4985
5176
4901
4799
5843
4761
27509
46630
6100
