Cycles
4962
4819
5264
5035
4827
6584
5739
6770
4739
5788
4826
5271
5822
4897
5558
4817
5585
5599
4801
5033
5994
4973
4664
4870
12489
4743
4676
5148
5137
4870
4814
4785
4849
28249
6164
4890
5125
5201
5621
4983
4634
5601
5020
6929
28788
4795
4737
5754
5619
4883
4843
4808
4825
6094
4940
5834
5711
5873
5014
4732
4821
5530
4797
4914
5561
4807
4815
4983
4830
4866
5483
4758
5458
5759
4979
5139
5456
6355
5031
4878
5385
4793
5251
4836
6240
4664
4830
5912
4924
5970
5012
4700
4914
4870
6219
4840
4816
4815
4816
4757
5873
6061
4784
6111
5016
4782
4794
4845
5210
5783
4783
4819
5731
4817
5186
5720
5018
4780
5532
6217
4832
4823
4778
5249
4774
4875
5666
4818
5371
4655
4827
24594
5540
4819
4813
5261
5650
5379
6002
5253
6311
4801
28201
5590
4797
6008
25043
5546
5220
4782
4834
4746
6012
4840
4808
6003
4860
5385
5755
4784
5536
4795
4798
5055
5944
4923
4817
4860
4863
24062
5000
4848
5838
4901
5495
4787
4795
4829
5581
4901
5612
4797
5374
4829
6478
6005
5675
4955
6048
5017
5210
5128
4661
4832
5391
4748
4821
5787
5565
5324
5411
5242
5320
4918
5076
5325
5774
28354
5343
4821
4799
6087
5219
4804
6229
28373
4815
6007
4806
4825
5232
4824
29119
5026
4860
4808
5733
4782
4931
5943
5716
5943
4780
12760
5969
5564
6216
4813
4825
4824
5683
5687
5142
5015
4810
5919
4815
4810
4809
5673
4789
6329
4830
5297
5068
5287
5035
4817
5597
4736
4735
5845
6018
4826
4994
5702
4849
4817
4812
6095
4784
6214
5555
4864
4849
5204
4849
4804
4814
4808
4657
5309
5648
5862
4767
4966
5871
4781
5933
4977
4817
4811
5037
4785
4808
4804
4804
4875
5502
5057
4785
5295
4886
4809
4757
4817
4820
5497
4890
4818
4791
5757
4897
5320
5817
4832
5046
4843
4806
4830
4777
4916
5687
4786
5285
4886
4784
5016
5458
6067
4780
4821
5599
4644
5968
5093
5584
4802
5059
5055
4949
5013
5163
5238
5091
4797
5177
5629
5032
5035
6117
5910
4726
28575
5854
4817
4775
28428
28451
5097
5298
5791
5927
5325
4940
5959
5336
4996
6020
5205
4844
5331
4747
5019
6096
5813
4817
5251
4975
4886
4657
5580
5040
4886
5050
4946
4955
4784
4764
5834
5882
4793
4903
5180
5760
4773
4801
4804
4856
5945
5558
5573
4782
5912
5458
4685
4807
5622
4780
5801
5301
5238
5942
5421
4826
5392
5767
5577
4800
5582
5981
4774
4789
5275
4795
5079
4818
4907
4789
4837
5223
5072
15634
4808
5114
4786
4800
5245
5184
5236
4800
4754
5182
4801
5897
6022
4813
4760
23950
4791
6207
5684
24007
4881
5695
5709
4905
4982
4811
4802
4845
5139
4836
5016
6069
4789
5231
5372
4881
5069
5668
4683
4856
5098
4860
5040
5056
4805
4728
5560
5661
4666
5982
5678
4679
4689
5958
5001
5551
4998
6061
4789
4808
5624
4947
4780
4728
5921
5670
4830
