Cycles
5123
4905
5679
5226
5695
5854
4953
4910
4996
5476
6028
4729
4815
5918
4821
5807
4829
4821
6016
6130
5152
5188
5339
5035
5437
4981
5810
4794
4923
5994
4698
4761
5096
4669
5689
7445
5938
4726
4802
4773
5359
5672
4797
5703
5501
4798
5460
5079
4778
5145
5778
5866
5242
5102
5858
5606
4756
6105
5691
5214
4821
5879
5394
5592
5629
5110
4804
4927
4974
4822
4790
4896
4837
4886
5842
6321
4890
5668
5166
5598
4830
5350
4851
4947
4806
4819
4616
4803
4941
4944
4815
4832
4815
4787
6149
4817
5391
5115
5596
5730
5380
6597
5059
4893
7996
5113
5292
4791
4824
4796
4796
5487
4786
6441
5654
4812
4795
4927
4795
4869
5243
5709
4920
5582
5924
4782
5133
4926
5320
5374
5445
4864
10228
4892
5583
6560
5009
5651
4821
6120
4959
5817
4947
4899
4805
4979
5734
5698
4888
4927
5451
4806
5152
5340
4845
4819
4800
5071
6443
5849
4778
5121
5746
5662
4879
4799
4812
4787
5294
5963
4804
4846
4844
4664
6041
4795
4787
4902
5590
5534
4917
5735
4832
5657
4797
5460
5210
5837
4983
4802
5400
4834
5621
5968
4886
5333
4629
6036
4838
5868
4827
5696
4972
4973
5123
5083
5235
6040
5417
5721
4772
5484
4871
4810
4817
4807
4831
4908
5922
4819
4785
4685
5004
4773
5233
5055
5501
4635
5294
4731
5425
5249
6942
5650
5549
5731
5195
4633
5172
5120
4957
4823
6132
4787
4856
4925
4775
4745
4936
5496
6113
4773
4778
4702
5070
5927
4880
4936
4821
4693
6798
5167
4970
5639
4810
5152
5071
4775
4863
5385
5249
5517
5156
5072
6493
6459
4927
4959
4815
4922
5952
4888
5054
4962
4737
6165
4939
4971
4797
5180
4791
4835
4810
5594
4816
5357
4909
5441
4901
4631
5920
5452
4998
4898
5968
5813
4824
5612
5459
4823
4808
5819
5952
4756
4994
5113
5026
4645
4793
6296
6104
4907
4933
5681
4793
5797
5634
6327
4940
4922
5479
5048
5258
5760
5378
4810
5680
5754
5829
6165
4787
5039
4845
4763
5515
4828
4786
5354
4968
6657
4799
4638
4778
4915
4825
4795
5238
5932
5825
5828
5193
4687
4778
5608
4955
5608
4862
5292
4807
4828
5069
5149
4816
6074
5013
5238
4782
5486
4799
4789
4826
4828
4803
4667
5873
5673
4784
4880
4642
5117
6259
4826
6416
4901
4818
5918
4924
5124
4981
4909
5858
4897
5796
4958
6073
4798
4826
5953
5227
5940
4767
4836
5429
4842
4661
4830
4849
5637
4820
4805
4799
4804
4791
5145
4804
4826
6102
6003
4892
5070
5735
4934
5057
5616
5687
4832
5517
4916
5514
4873
4815
6614
6778
5285
4800
5460
4910
5488
4830
5832
4631
4827
4649
5234
4914
5467
4795
4802
4813
4750
6143
5143
6080
4849
5120
4942
4638
4816
4787
5460
4802
6028
