Cycles
5104
6063
5724
4805
5940
5186
6089
4990
4868
4955
5189
5129
5085
7062
5544
5994
4832
7601
4863
5243
5687
5631
6015
5251
4914
5229
4766
5210
5130
5310
5316
5050
5260
5028
4782
5718
5430
4924
5868
4844
4953
4784
4782
5957
4946
6188
4772
4806
4759
5748
5236
6134
4763
4926
4782
4797
5084
5215
5672
6172
4776
5576
5832
5510
4882
6106
4776
5728
4886
4955
5560
4983
4774
4987
4914
5936
5817
5393
5766
4940
5607
5141
5781
4745
5508
7163
5035
4845
4788
4965
4825
5152
5834
6074
5333
5743
4742
4776
5919
4769
4743
6724
5039
4878
5162
4994
4780
5419
4807
6020
5999
4909
5279
5340
6006
5152
4808
4750
4798
6145
5333
6441
5462
5793
5625
4806
4772
5143
5075
5936
4784
6020
6282
5312
7668
5121
5148
5916
4770
5061
5620
4785
4758
4775
5676
5341
4759
6422
5130
5166
4758
4802
4784
5920
4731
4921
4783
4764
4797
4767
5078
5149
4772
4743
6608
5530
5262
5569
5490
6698
5025
12839
5393
5044
5498
6046
11022
4768
4795
5130
7398
5392
4827
5575
5044
4743
5201
4795
4857
4809
5485
5154
5765
4793
4922
4875
4772
4907
5365
4775
4763
5082
5771
6616
5023
4937
5107
5884
5633
4868
5337
5428
4738
5305
5249
4858
5237
5188
4940
5698
4931
5750
4925
4759
5970
5979
5123
4757
5697
5173
4880
6219
6430
4975
4908
5006
4817
4803
5661
4746
6245
5445
5605
5268
4787
5230
5374
4769
5262
5038
4797
6281
6205
4802
5030
6372
5445
5016
4765
5726
5999
5588
4769
4776
5548
4778
4782
5031
4777
5294
4750
5728
4825
5801
4771
5540
6007
5093
7092
5047
6664
4915
4804
5067
5202
4998
4772
4777
6001
5811
4899
4761
5273
4776
5220
4769
4754
4910
5307
4990
4845
4979
5038
4867
5895
4776
5085
5089
4769
4894
4752
4750
5208
4796
6739
5009
5162
5845
6299
5736
5711
4772
5724
7073
4802
5926
5173
4940
4874
5178
4767
4766
5242
4795
5525
4841
4974
7643
5923
4787
5949
6030
4778
5911
4786
5718
5886
5594
5587
5219
5927
6152
4875
5437
5998
4729
5948
5794
6256
5496
5215
4779
4951
5551
5764
4770
4802
4798
5770
4812
4868
4899
4813
6068
5767
5828
5564
4778
9134
4834
5245
5721
7341
4931
4804
5513
4860
5983
5652
4778
6002
4772
4774
4776
5318
5171
4789
5094
6007
5104
4771
4966
5599
5020
4868
5669
4799
4813
4760
4765
4825
5769
6473
4976
5437
4854
5058
4784
4750
4778
4860
4744
6459
4788
4779
4858
5279
4933
4782
5065
5061
4883
4836
5439
4771
4905
5147
4819
4799
5701
5381
4808
5031
5356
4747
5358
6534
5679
5244
6137
5795
5785
5616
5728
4796
4823
4761
5157
4765
6231
5981
8336
6288
6331
6793
4770
4802
6055
4789
5582
5244
5058
5886
5242
5038
5038
4772
4772
5104
