Cycles
5582
30739
53026
5530
40757
40271
38515
48504
40599
54218
4800
4780
5216
5322
42803
4787
4733
53574
58246
58583
30517
5006
4756
44349
32905
30501
58650
56799
53043
6050
5461
5749
4849
23663
41575
4752
51198
30480
29777
55823
57354
5234
5088
4951
42696
45181
29854
38970
42969
56067
4800
31443
16947
15867
5020
37740
56987
5325
4869
5374
5348
5066
5299
56713
55707
44168
5197
18636
4771
37023
31116
31197
4707
5387
5011
5272
4770
4791
50972
4876
4848
36291
4776
39821
4748
4791
29380
4785
56871
44053
4789
30652
5638
5441
5340
5604
5675
20802
49976
38258
4841
40165
33707
5619
38336
4975
4968
33664
5986
55183
4867
5531
5349
4780
4940
33375
33160
52801
39830
33333
33207
5726
4776
4759
32448
52893
4888
37381
31775
36673
5233
4782
29903
4772
4749
36503
31874
4739
43731
40777
49773
48103
45761
41584
4787
5407
4752
4841
5411
58283
52041
41382
4789
56219
4946
37619
53013
33322
4780
5977
48192
4735
56328
59433
5601
4773
5301
53896
31154
56983
57932
5285
4776
53754
56315
30036
34387
43885
40621
37973
36657
34923
30488
5260
41613
5139
6309
4905
36756
5905
31437
33001
5845
4842
4698
56779
56288
4785
6008
56304
31918
30439
29477
5914
28903
5635
25077
46668
4789
54874
4767
18269
24082
5126
6150
4931
14293
52879
4774
4972
53633
51484
56935
5511
41120
4761
46503
4701
49243
37191
6035
4747
49547
5163
5098
4918
5579
44256
4794
30806
30966
5478
30694
34286
5534
45980
4747
44394
5884
58674
31959
5214
4674
35377
36564
5127
17503
57123
44704
45193
4773
46984
6589
5493
5463
4777
53665
4770
29823
5746
49828
31892
49421
5363
37939
4763
49002
38940
52194
54183
53954
4763
5333
5629
42488
4817
55121
35436
53665
4698
36715
56862
28973
52831
47978
47632
4773
44706
4765
47393
55378
5084
5715
5778
6080
4795
42421
51562
30235
46971
49367
5394
5564
4801
5947
4856
17749
4789
24749
37371
33228
58132
5408
52393
5519
41407
4743
23672
53949
58713
53251
56730
42513
5665
36861
57788
25008
4797
5845
4734
32407
50017
47625
6035
49256
50892
4762
4757
48015
43870
43621
38938
5476
6139
5620
4711
4803
5778
6175
23931
4774
5807
49624
37644
4780
5594
49384
5100
4773
46734
50556
5881
30881
4787
54616
4735
5037
37185
39515
37655
4912
50706
44805
6767
5024
36204
4765
4727
5947
4785
4752
4998
50724
4719
49395
43435
49824
31346
48127
52881
57659
4940
39500
4756
21499
4743
5115
4784
4705
56420
56006
43903
33959
37581
32851
51805
5840
5231
4896
5117
5658
5401
28909
4823
5696
4829
5907
5892
5519
4804
4752
5647
4763
5502
5507
4769
4793
4901
5719
5295
4729
5055
5228
4735
5856
23740
5309
4756
20931
5812
5721
5059
23844
5493
4873
5873
4751
4757
4735
5290
4713
4752
4909
4957
5467
6240
4762
4766
4807
4704
4787
5534
4763
5256
4981
5639
4949
5065
4734
4771
4873
4812
4749
5896
4780
6230
5659
4834
6190
4788
4786
5020
5098
22680
4799
4763
5746
4789
5601
4787
