Cycles
99431
50483
55158
30232
5648
40657
4698
5247
44933
48301
4874
5601
5862
49677
47105
45442
5156
5147
6037
4820
32781
32199
4921
4740
34326
4741
5834
5597
50631
45024
5605
24428
41813
4711
56218
45855
46373
57938
45602
5698
31918
5290
4858
36394
56646
32180
40219
54020
38144
5123
32238
4785
5361
4750
51579
55676
37547
28861
5495
4793
5046
4829
57529
56579
43810
46285
33230
5767
42824
6037
5024
5244
4789
49502
54189
5570
43353
31469
40993
4854
22894
5219
4810
4819
4787
52328
45842
41407
47816
51114
33547
45485
4716
4721
4853
6126
56987
25188
57626
5538
37804
31957
56096
29233
4839
5929
5830
4735
43449
54037
27715
35036
4778
53710
38698
38573
4874
43886
31955
47120
5383
5359
5752
4808
48295
29808
57905
4802
33040
4903
45271
55443
5070
52730
56879
24682
4817
60178
41083
5446
6083
4916
5033
31599
4755
45325
57767
38801
29251
29912
46024
4752
5016
5594
4754
4931
51784
55371
55024
34498
53646
33009
41103
6007
48149
46697
32476
4689
4765
52729
53333
30198
55847
47468
4785
39733
4894
4760
39848
31612
5113
43687
57420
6158
32119
4780
40828
54927
56885
5853
46604
33521
34226
57150
5691
53235
5072
5501
4795
4793
55901
4815
35022
51866
33024
4770
5516
39098
5219
39765
40833
5470
14212
4784
4754
33286
53048
33774
5175
34554
35496
55906
56975
45081
37225
37383
4726
4748
4785
6724
37888
4733
57698
4754
36696
57106
47701
4785
4830
5368
24263
55080
57614
55857
31000
52930
4753
31710
46939
55154
23941
23966
5776
4912
48279
56834
31628
31579
40483
5880
7113
4905
5920
38163
47524
39125
4908
5076
25371
59113
58186
30007
56044
57562
54674
4869
5884
43222
53270
48012
5382
54631
6156
4748
4718
24140
34022
56086
47043
53818
4751
52929
4752
5323
36312
5655
57970
33527
5407
5342
5869
29324
4752
38671
33193
6488
54055
5691
23985
50276
32638
47215
30093
4774
4754
30955
6111
56168
21308
5230
5197
6724
4911
18196
4806
4875
48542
31497
30115
50026
40844
47494
4770
43455
4756
6051
55166
56069
29594
49669
6044
38931
4905
35686
30918
5698
5206
4786
4882
4775
37541
51525
43003
49946
50207
48369
5994
52823
5810
56693
38906
41656
4735
38260
4942
57697
55404
46232
56698
44960
52719
29423
43053
33977
51159
4782
33511
51352
50638
5877
57471
46584
34934
39271
18321
4761
5644
5087
4806
56665
57400
31657
57055
4783
5137
54613
29205
56618
31500
6028
5714
24237
4786
4719
57780
29398
50380
5082
54292
6149
34614
25249
31892
39221
25633
4769
5951
4785
5173
31633
30173
46494
53468
4760
35582
4739
5782
5413
47647
37792
4883
5327
25309
29557
30018
31776
5899
5173
4782
50881
4769
49753
4713
48299
5629
30584
22093
5003
4739
6121
24782
4785
4741
4778
5147
23932
5992
5212
4928
4979
5459
4819
4838
4780
46060
22041
4751
4791
5083
6247
57082
5248
36023
14816
44138
5899
48012
53270
57150
32476
31599
37547
