Cycles
40260
4787
37835
34011
57050
5690
33301
36143
30020
4768
5937
5517
48442
32690
32372
32640
34212
48511
5061
38165
4774
5102
29041
30843
56011
33780
5794
5762
4776
40567
53310
31318
55214
48306
33476
50088
49025
4771
4890
5031
5808
4779
28404
36043
30601
31744
5063
4825
5878
48844
4809
4831
39522
48011
4843
38977
5834
28227
4811
43470
56350
33137
4808
4804
5694
4796
5497
46180
6257
45388
53155
36649
34078
4856
26330
5369
31428
4784
5001
56366
32661
35690
57061
47369
5869
4979
6402
57804
41688
5184
4789
4787
4894
6648
55489
4698
40160
59441
4793
54976
4713
4914
45259
54928
51092
28819
4778
5068
4765
4826
29147
4804
48455
6070
30994
57087
30657
5477
46222
40107
32521
33197
50423
4795
4728
6014
51730
53514
4803
4758
5735
5560
47234
48942
35753
50784
4782
55542
37014
17930
9885
30506
4787
33646
7141
4977
4832
41818
55443
35618
34806
46695
4785
55752
4810
48101
5839
4810
4672
4741
42187
6132
32356
5240
57080
5359
48929
53970
30099
47824
53608
50093
4713
46118
6035
56293
6346
5087
4843
52706
51081
43025
4812
4784
30091
6651
52736
39992
4717
4763
40223
36936
52817
45151
6038
5563
25779
53994
5562
48935
56643
45099
30551
4783
5860
51853
36981
4791
5152
4796
4798
35549
41165
37271
49352
29732
16302
4785
53562
4799
31957
4809
46025
4763
5806
5638
5618
5335
38492
59331
5042
5192
4966
4769
4779
6182
4782
5601
4906
5143
4747
5212
4822
4745
4776
4793
4782
5258
5067
4867
6243
4747
5222
4756
4681
5161
6007
5145
4791
4777
4798
5148
27737
4780
5124
4774
4691
4941
4785
4795
4776
6174
4869
5480
7713
24071
4778
4800
4836
4958
4812
4797
4799
4814
4953
4760
4804
4696
5035
4770
17601
5731
4776
4858
4685
5428
13329
5606
4752
4849
5470
4754
5178
9372
5559
4717
6124
6562
4873
5528
24557
41327
4925
50770
45138
4787
4860
32356
49595
4858
4988
51332
43682
5497
46157
35083
4832
52469
5532
36283
5460
43701
5707
35773
5649
5184
29767
35886
35986
30020
4778
51350
42340
4789
47468
29562
36648
5581
30166
4886
57717
50068
31063
32826
6186
32981
5547
56961
6681
5008
50747
56629
43743
5138
4812
57510
5329
4806
5312
4763
4860
5657
4752
56953
33783
30441
4685
4787
4768
52154
47900
39515
41952
58726
5351
4799
31508
37448
43276
50585
33164
4808
49642
30208
47353
5985
35285
5596
4816
47967
35662
31790
43396
52907
40028
47762
4765
4803
4870
5380
56150
31590
37011
32381
5605
5011
4845
56988
42239
33154
50410
47822
5210
36033
5897
4890
56231
30352
30270
33452
7856
4793
55384
4821
5482
5631
4724
4966
4767
4746
6098
5761
4795
4711
32629
56899
57426
5908
32918
6212
5525
36966
4755
39288
34837
5327
50408
52580
4734
28791
57337
47714
4798
4987
53450
49693
5802
4790
47624
33079
51441
30005
47233
5738
5979
7060
5528
4763
57050
