Cycles
4974
4737
6078
5596
4987
22684
4997
5819
5865
6285
4767
23802
4795
4787
4947
4760
6130
4782
4761
4724
5329
5387
23851
5519
30961
5212
4793
4741
5232
6799
5605
4834
5996
5781
5968
4909
5634
4798
4761
5616
5853
4929
4737
5456
5028
5208
4743
5832
4756
9420
5983
4752
4743
5186
4767
4788
4785
5195
4994
4803
5739
4857
6207
4810
5847
6273
4767
5726
5353
5366
5334
4753
4870
4925
5476
5490
5867
5082
4959
5152
5460
4966
4722
4780
5842
5873
4830
4728
5437
29192
5649
4777
5391
5141
5758
4957
4810
4769
5437
4791
5322
4789
4783
5601
4780
4953
4847
4798
6966
5111
5328
5011
4776
4786
5264
4737
5196
4784
4739
4934
4759
4786
5750
4756
5173
5931
5018
5802
4902
5130
5025
5204
4860
5798
4756
5013
4753
4759
5130
4796
5527
5167
5132
4778
4785
4780
4971
6161
4774
4836
5610
5013
4942
5297
4735
5248
4786
4727
5127
4793
24206
4776
4763
5422
5188
4771
4748
5838
5172
5687
5446
4927
24028
4965
4757
24158
4778
5102
6049
4746
4982
5756
4772
5893
5435
5232
5374
4912
5419
4802
5851
4812
5266
23976
6048
4752
24161
4724
4841
4717
5707
4890
4763
4814
6955
4776
4823
5318
5679
5049
4849
6408
4834
4730
4893
4772
30413
24813
6039
4801
5136
4869
5559
5463
7728
6038
4760
4849
4771
4993
5950
4787
5434
4845
5338
27225
5100
4752
4888
4768
4791
5569
4788
4750
4789
5234
6039
4968
4787
4780
5603
4756
4759
6491
4780
6646
6703
23968
4777
4806
7165
4766
5472
25143
4752
4767
4744
4817
4700
4784
5372
5740
4814
5570
4893
5282
4793
5771
5489
5395
6392
5020
4921
5237
4737
5400
5899
4735
5573
6056
4796
4774
5639
5200
5003
4795
4780
5512
5095
4735
6335
6112
4757
4759
5417
4782
4853
5644
4757
4827
5370
5837
4799
4827
5504
5752
4824
4925
4776
5594
5476
5687
4920
5068
5594
4969
5203
5317
6013
5318
4777
6744
4752
4957
4757
4787
5720
4785
4722
4789
4752
5743
4713
4760
4852
4705
4774
4763
4911
4841
4784
4853
4828
4760
4944
5859
5240
4869
5639
4756
5749
4868
4788
4953
5445
4752
4761
5724
5993
4781
6623
5262
4713
5528
6389
4782
6001
6139
4751
4778
5774
5836
11728
5419
4763
4759
5696
4746
4782
4754
5581
4712
4739
5460
4979
4755
4773
4762
5212
6058
4754
5184
5286
5987
4764
4732
4759
5147
5102
4789
4854
4770
5446
4739
4771
5617
4738
4758
4724
5978
5219
5941
5072
4836
5393
5011
4747
4743
4763
4761
4819
4787
4793
4786
5825
4756
4746
4807
6124
4778
4771
4778
5829
6167
15034
4951
5173
5516
4771
4762
5958
5513
4763
5011
4751
5285
4877
4806
4893
4806
5878
42580
42071
56093
29253
37169
4767
48425
53423
4783
34584
4728
