Cycles
6625
5599
6166
4795
4863
4808
5786
5590
4880
5787
5614
4783
5233
4767
6132
4888
5745
5772
4942
5048
4772
5034
5592
5661
5797
5312
4780
5262
5219
4795
5065
5646
6086
4840
5690
5665
4850
5355
4749
5500
5648
5441
4990
5191
5523
4770
4784
4787
6603
5309
4769
4961
5214
4938
4879
4951
5039
5389
5199
6070
4990
6160
4899
5955
4814
5873
4858
5777
4776
4814
5058
5084
6978
4780
4802
4783
4821
6616
4979
4817
4808
5873
5253
4827
6499
5289
4916
4823
4816
5439
5368
4870
5196
5670
4830
6208
5644
4983
4772
4868
4817
6046
5889
5338
5729
5703
6558
5011
5836
4787
4796
5992
5117
6130
5405
4801
6802
4808
6105
6063
5616
4806
5135
4882
5467
5061
5076
5102
4875
4798
7039
4827
5975
4771
4847
6008
4783
4723
5358
4767
4922
4791
5724
4757
4795
4737
5988
5461
5970
4897
4793
5625
5707
4946
5144
4754
13165
4806
7269
6143
5288
4726
6095
4995
4918
6167
5033
5623
6132
5333
4816
4823
5102
4759
5469
4978
5043
4834
4937
4921
4979
4940
4930
5590
5428
6465
6117
6875
5459
5274
4685
4921
5296
4845
5623
4797
5904
5000
4803
4793
5078
4994
4836
4786
5305
5547
6197
5120
5212
5813
4912
5005
5065
5774
4809
4762
6066
5508
4694
5260
4883
5670
4731
4788
4732
5774
5953
6329
4992
5851
5145
4798
5070
5728
4845
4890
5089
4800
4840
4830
4691
5975
5020
6025
5843
4882
5212
4976
6381
6927
5547
6242
5225
5702
4847
4814
5334
5957
4799
5668
6904
4821
5052
5424
5395
5502
5728
5353
4800
4880
4683
5912
5057
4881
4788
5720
4818
5132
5678
5875
5048
4873
5197
5511
6113
4816
5556
6081
4692
6104
5982
4811
4882
5207
4856
6568
5381
6013
5104
4803
4735
4672
4880
5234
4812
5955
4893
6747
4989
4824
4809
4787
5658
4898
5230
4738
4822
5335
5266
4935
5435
5830
4634
5685
5003
5452
5249
5502
4789
5646
5843
5568
5624
5594
5519
5234
4815
4694
4991
4816
4812
4802
4988
4819
4810
6376
5035
5238
5398
6164
5378
5567
6182
4866
4868
4808
4798
4871
4797
5653
4819
5040
5849
5218
5860
5597
5631
5407
5409
4808
5258
5825
6266
5438
4826
5372
4851
4934
5655
4813
5344
4765
4667
6248
4942
5420
5192
5013
6009
4792
4778
4968
5598
4897
4864
5366
5454
4843
4832
5138
6220
4782
5454
4793
4741
5126
5531
6900
5756
4979
4879
5201
5543
4802
4791
5190
5752
4966
5575
5175
4856
6106
6457
6180
5649
5818
4888
5778
5202
6413
4946
5558
6307
4756
6206
4923
5307
5659
6097
4822
5396
4823
4845
5637
5007
5212
4782
4806
5064
4801
6962
4821
5137
4817
5359
4845
5240
5437
5875
6974
4726
4972
5132
4901
4731
4778
5823
5435
6376
5435
4782
5242
5281
5570
5713
5387
5178
5855
5337
5351
5964
6093
5663
6171
7517
6208
4865
4779
4998
4778
4782
5190
4803
4882
6197
4757
4879
