Cycles
27756
4952
5910
4828
6074
4662
5064
4727
4673
39956
4691
44487
4786
7016
23924
4832
41047
55049
33025
36896
55633
4804
5017
32966
57225
57931
55487
58458
5921
53474
28899
53250
5133
4927
52493
58063
17476
8033
24875
47187
56827
55696
31531
57195
4824
4804
32020
4887
55515
39880
49620
36346
5084
4744
58443
29921
30502
56018
58441
4729
29253
4939
36711
55188
5311
56447
16060
4888
6039
6007
34439
57525
57976
4652
31389
33581
49006
5257
4789
5474
47193
39906
4944
4983
4722
28779
58646
29648
30247
57839
57271
5466
4855
55417
4743
50460
45314
5713
5416
58405
37750
57549
54922
55649
5555
5934
5445
37738
32272
38411
51580
44232
5519
4899
4729
5360
34526
54918
57462
26873
4808
37558
39403
37457
57175
4749
4821
26019
5309
28272
5905
5864
54270
33093
58009
16526
4836
49123
35595
57199
4793
38433
49566
37545
5489
4845
5193
5170
55433
30215
6141
5372
56173
35380
56734
11214
23889
4871
5712
4847
6107
29490
28899
57359
49229
32482
5519
4750
30380
56115
6167
4855
56369
51191
46120
37051
5495
5072
4763
4860
55125
25002
27633
24257
5333
29924
6143
5843
35808
33977
55503
28593
4779
5325
4862
5286
58414
57659
49911
4804
4774
6644
53166
4898
40051
5489
39727
5037
4843
34797
4790
4873
4778
53428
44257
33418
5845
57298
48311
5737
6670
5709
5062
54289
31620
30402
27316
5508
4803
50655
53938
56926
29841
4863
48633
4621
5138
4821
57622
4886
5026
40986
20201
4786
5760
4882
6042
55287
5002
4853
39880
4842
4854
32091
5134
5603
5567
5307
38455
4644
5130
46316
4806
34049
47707
4823
41198
46537
56847
46263
4821
5180
37767
57391
30233
58669
57771
30218
4847
4799
29517
30354
31756
4853
45026
29142
52038
29057
5104
4796
30531
4931
57978
4845
45535
4791
4793
29808
41085
4810
6584
6248
28383
47213
58298
29320
57195
5942
5271
52660
36236
5139
42454
7074
53506
37418
42062
4992
4935
5984
4916
58515
33486
30475
4783
54763
57918
5754
4816
5824
6115
57029
38567
5126
4913
4894
5493
29614
57122
57409
22357
4817
38249
58186
30134
36252
38109
27827
31039
48042
5121
4845
4825
4916
51167
30377
54753
51957
53331
4908
5042
5200
51028
30136
58856
31179
27318
4834
57323
35193
5699
4917
27598
4800
57128
53971
4898
5161
18988
4770
6193
4825
4843
58044
31428
57302
30471
31631
4774
4771
34312
52062
46568
49869
54205
54404
24759
4754
5703
4809
4698
56434
44624
28991
6374
5657
4804
6182
6827
5159
35333
8616
5385
5848
28231
5385
4772
5938
4806
5437
48327
31598
4897
4804
31117
4826
38962
54717
37483
23725
5035
4795
23853
30629
34773
32443
54285
4782
53298
45722
38351
5113
5659
55583
31342
56655
29523
29281
4793
4790
28072
46449
4911
34327
40442
50213
49640
41194
45401
29958
33761
6090
4742
4679
4828
52879
56657
34377
47915
4782
34526
30387
5447
43018
23542
6817
4867
5782
37316
33234
43323
56908
40234
50161
30325
45883
32411
35895
6079
4672
6251
5341
46669
56947
57741
31180
5121
4644
55503
49229
