Cycles
34232
5130
5627
6331
5071
4890
4787
5747
4782
6188
4906
4800
4802
4906
4804
5769
4806
4869
4917
6189
5197
5109
4796
5525
5741
4901
4779
4806
4790
4791
4802
7301
4807
5122
6007
4820
5089
4858
4778
4780
4789
4830
4789
4812
5512
4784
6382
5795
5499
4757
4802
4798
6167
5281
4838
5430
4796
5825
5780
4644
4939
5920
6201
5335
5214
4979
5167
4770
6815
5058
5076
7949
5797
5121
4862
4622
5118
6080
5674
5339
5218
5297
4817
4788
5011
5177
4678
4855
5238
4791
4901
5325
5060
4983
4806
5667
5873
4998
6191
5815
5614
6106
5606
4774
4763
5428
4836
6204
4804
4821
4817
5806
5797
4853
5022
5393
4821
28146
23803
5104
5668
6049
4806
6011
4886
5884
4802
5578
4787
4679
4704
6048
5305
24613
4800
5939
5640
5430
4891
5406
5095
24030
4931
12094
4786
4797
5910
5929
4795
6087
4782
5657
4948
5083
4929
4747
4792
5323
4851
5080
4824
5383
5152
5791
5801
5855
4779
6012
5512
5420
5408
5893
4672
4732
4837
4807
6059
5131
4875
4909
4778
5752
4906
5829
5792
5341
5041
4785
4825
5325
4781
4819
5465
4790
4806
5859
4868
6334
5179
5244
4973
5096
4872
5065
4829
5606
5571
6760
4643
5053
5084
5074
4760
5467
5323
5905
5759
5456
5346
5016
5854
5534
5676
5845
5508
5357
5369
5587
6247
4685
5404
4791
5696
4806
5927
5107
4737
4701
4745
4979
5644
5475
4867
4719
4847
5113
6208
5354
4987
6020
4885
4627
4854
5032
5301
4683
5460
4636
5536
13587
5862
4819
4806
5599
4808
4873
4811
4984
5078
4795
12157
4638
5040
5495
4819
4649
4831
4790
5398
5123
4955
5910
4636
6495
5084
4943
4806
4987
5551
5071
4992
5592
4860
4717
6247
4793
5759
4693
4848
5100
4980
5745
5287
4862
5713
5042
5070
5994
5242
5588
5625
4806
5189
6413
4798
4869
5721
5247
5516
4798
4784
5211
4826
4908
5715
5841
4918
4925
6109
4871
5458
4774
4781
6267
4991
5102
6430
5887
4804
5322
4775
4832
4797
5399
4890
5377
5344
5315
4783
5020
5245
6011
4696
4910
4894
5834
5316
4823
4918
5752
6063
5735
4787
6237
4935
5012
4822
4903
4782
6204
4804
4782
5221
5699
6108
5189
5970
5897
6063
4833
5957
5553
4763
4903
4886
4778
4745
4739
5058
4812
4805
4959
4790
5858
6001
5244
6100
5759
5504
4808
4868
4685
6075
5132
4806
6316
5537
6225
4862
6096
5084
4970
4907
4957
4778
5747
4973
5748
4964
4761
4662
4825
4800
4948
4838
5350
6433
5238
5065
4862
20263
4811
6704
5147
4817
5229
11857
5381
5044
4791
4836
4793
4901
5213
5513
4989
5242
5897
4981
5994
5510
6694
5757
6099
4899
5394
5261
5013
5001
4895
4814
5742
5860
5763
4965
4896
4788
4888
4831
5067
4815
5316
4796
5681
5093
5011
4782
5904
24454
5044
5182
4875
5001
4903
4843
4793
5536
