Cycles
5286
5679
5186
4756
5432
35005
4804
5030
5939
5606
5489
5439
4773
6035
5916
5623
5244
5951
4880
5013
5819
5547
5864
5111
5398
5750
6272
4820
4871
5796
4829
5387
4849
4788
23567
6160
7260
4810
4877
5852
5350
4851
6227
6520
5636
5959
4919
4813
5063
4802
4964
4869
4974
5186
5883
5043
4813
5724
5018
6027
4834
4862
5193
4883
5890
5315
4786
5566
4820
4775
17727
5166
4815
5864
4854
5572
4790
5711
23767
6076
5253
5569
5500
4972
4877
5605
5568
5676
5437
5100
5519
5201
5852
5309
4627
4831
5776
5452
5356
4893
28239
5497
5730
4869
5659
4836
5729
6060
26767
4903
5691
5131
5543
4967
4996
5696
4819
5529
7284
4811
5207
4772
5100
5663
4832
5198
5830
5605
4776
5558
5842
6702
5188
5651
5560
24094
4681
5320
5545
5526
5983
5221
5145
4945
4804
4770
5526
5249
4959
5670
5929
5263
4954
5592
5185
4821
5302
4867
5306
5308
6296
5752
4768
5404
5914
4856
5763
4657
6588
5219
5095
5825
4892
4841
4778
5750
5603
5070
5409
4844
5145
4940
4804
6132
5986
5780
4799
4779
4909
5052
4806
4897
5642
4947
5312
5446
6229
4858
5925
5424
4795
6106
4795
5972
4945
5374
4795
5235
5005
5884
5245
6195
29460
6156
4836
5640
6136
5305
6026
4702
4690
4798
4804
4905
4825
6052
5128
4761
4696
5304
4739
5048
24346
6182
4739
4648
4845
5069
4951
5506
5063
4679
5415
6214
4817
5542
4806
4901
4808
5902
5445
5348
4879
4799
5351
4826
4765
4815
4822
4636
5932
4811
5186
5631
5730
6113
5095
6253
5586
29207
28276
5880
4808
4783
4830
4798
4792
4791
4811
5372
4788
4790
4806
4811
5512
5063
5418
5240
4951
4668
4942
5571
5746
4786
4849
5292
5971
4812
4867
5633
4704
5470
4966
4989
5994
5111
5153
5264
5152
4848
5352
5899
6201
4851
4778
5553
4866
4780
4845
4860
4909
5510
4879
5002
4700
4778
5625
4767
4830
4886
5819
5592
5188
4795
6055
5223
4845
5666
5014
6033
5871
4817
4708
4799
5580
5661
4983
5908
5724
38491
4659
4769
4644
5875
4793
5430
5007
5301
5372
5182
4679
6843
5873
6569
5405
5527
5357
4638
4749
6222
5988
4877
5355
4882
6002
4692
28255
5661
5638
5102
5795
5671
37625
4825
4979
5694
28486
5943
4862
5181
5586
4797
4819
5791
4948
4831
5417
4805
4787
4815
4636
4822
6611
4785
5407
4849
4764
5719
5741
4839
5678
28404
5551
5409
4832
4819
4774
5234
5753
4800
5045
6277
4764
4791
4806
5279
5853
4961
4776
5612
4834
5905
6005
4785
4787
5861
5601
5433
4811
4737
4681
4839
4804
4806
24285
5612
6018
4652
4794
4801
4871
4796
4862
5506
4782
5296
4801
5383
4823
4904
24817
6100
5849
5098
4917
4827
5550
5141
5060
5005
5161
4966
4802
5310
6233
5339
4661
4769
5372
4734
4824
4789
5350
4819
5534
4788
5000
5772
4653
6421
5598
4840
5046
5143
4789
5303
5425
6080
5873
4769
