Cycles
50066
4920
5748
4932
55557
5891
33711
29886
37772
45979
36312
4731
41686
4774
44841
4780
33355
30822
30672
34083
31865
35450
4784
28881
37106
5951
34534
40474
5284
4966
5184
50094
4875
5791
36975
5745
52555
35929
35254
53285
37314
6562
42120
4817
4806
45662
46783
33707
4794
37930
44840
5502
5895
5552
44250
26920
5311
38528
29063
57236
4987
28777
34834
4771
38858
33549
7893
54500
50557
37679
39606
4766
4785
29897
32026
5158
4787
54646
58715
57430
56965
5163
6107
4837
52850
55382
57661
36867
4815
50622
51233
4834
48085
15315
15137
5356
36743
57015
25549
5919
56581
4729
47138
4765
45922
16997
38895
30708
59024
33225
5500
6261
4868
34893
53423
42347
34331
48013
36574
31330
29702
32186
5808
41761
24081
47311
18105
5635
6124
44189
44341
6577
44846
40204
5631
4759
5717
4983
4896
5631
4776
5901
33418
30654
55663
31202
6616
5863
53466
31983
5301
48091
4825
42392
4795
6068
33536
57745
58141
54223
4742
4947
48069
51572
31714
55469
5962
56497
4960
54767
31814
30700
5133
30749
5650
5409
5710
4766
4767
50460
29283
4778
4790
5702
55718
55152
4968
4722
5558
4912
29722
29778
5007
4803
4914
5692
4819
51986
36999
36627
5664
44609
4940
38035
57022
38077
5917
40753
4763
4696
4778
54339
36184
36959
32272
40662
45046
40725
55944
29582
57992
5985
4793
4772
52775
39947
38858
41545
5109
42199
55479
26402
4776
41813
5912
4806
56732
55683
4877
6029
58482
30265
31459
30309
7882
4700
4804
30725
4782
5013
47484
37906
31989
55748
4800
44717
38131
31523
58752
58024
5526
5029
53181
30337
30020
29503
4739
4869
5463
36297
57957
52570
33849
4771
6048
4769
54132
49578
43993
38563
47833
4916
38103
38543
46974
40881
30648
29652
32729
7632
4757
29452
4884
49207
4770
5979
4696
4806
4823
5735
5941
6536
31169
5013
4799
42209
29666
4927
47416
16902
41416
4769
51193
46448
4776
38302
45705
51859
4754
43231
4819
4780
4763
5355
32925
44191
6830
57668
47067
59238
56899
42634
31467
5004
56573
4700
5918
28701
4816
5994
6755
4696
5014
49321
48734
42328
9262
4776
4804
4851
4773
4776
4726
5521
43970
39828
46611
34728
15495
32003
34437
57395
7299
4775
5588
53803
30305
57309
56517
6184
35562
57354
4780
4746
28875
51617
5346
4811
4780
4795
49107
5257
5562
4767
51808
4802
4717
5240
4817
56977
55328
45633
5694
5988
4786
4778
6338
5145
4951
5930
5234
6009
4795
4975
4770
4808
30117
42305
4819
53404
49719
57192
47736
4868
6560
6096
5024
5977
4763
5544
6074
6055
4782
4810
5861
4767
5575
5523
5504
4903
4776
5681
5750
6123
4791
18569
5109
6020
4769
4804
5978
4720
4752
5729
4784
4786
4754
5285
4817
6162
4747
37778
4791
4806
4776
4988
4765
5238
4929
5212
5858
5320
4955
4781
4770
6990
4851
4752
5370
6157
5819
4858
5894
4761
5687
4785
5780
5067
4951
4843
5326
30341
4813
4694
5702
4978
5841
5186
5124
4742
4829
5726
4914
6158
4802
7299
4927
4767
4765
5163
