Cycles
5177
4927
5709
5026
5815
6040
4959
4733
5385
5400
4878
4698
4784
5603
6003
4989
5299
6208
4745
5138
23805
4996
4802
4990
4752
4761
4748
4934
5273
5698
4849
21531
5666
6081
4826
4780
4757
4981
7039
4761
23807
4790
4774
5033
4903
4782
5059
23721
5549
4836
5028
5804
4780
4911
4908
5131
4790
4736
4789
4798
4929
4727
4770
4879
4788
4802
16889
4858
5696
6206
5048
4752
5985
5785
6095
5100
11806
4996
5492
5225
4871
4826
4759
5077
5378
5866
4866
5678
4750
6933
4747
4724
5140
4810
5102
4955
5098
4739
4759
29731
4788
5730
5057
4735
4720
5558
5735
5167
4728
4798
4985
5965
4813
5536
4923
5338
5599
4813
4755
5484
5346
5137
5860
5515
4763
5348
5093
5208
4709
4860
4790
4775
4778
4767
6812
4845
4775
24020
4790
6134
4726
4704
5039
5419
5822
4951
5994
4780
5679
4802
5979
4793
5419
6287
4771
4874
6737
5383
4788
4994
4735
5098
4715
6097
4780
6001
4778
4776
4776
4858
5371
4847
5102
4754
4767
4767
5191
4755
4965
5816
4795
4739
4709
4896
4852
5925
4908
4676
4717
24399
5026
4778
5143
5631
4767
4888
4763
4737
5564
4773
4927
4724
4862
4806
4808
5690
4743
4748
5396
6584
5495
5595
4767
5419
5050
5437
5007
4998
4775
4785
5620
4951
4804
5558
5299
4892
5484
4713
5923
4948
5592
6102
4760
4773
5763
4738
6413
4731
5974
4726
4963
5958
4672
4744
5164
4849
4910
5599
4756
6018
4890
4808
4793
4747
5297
4797
4685
4767
5071
5228
4748
4758
4797
5244
4771
6061
4745
4763
4750
4761
6126
5854
4720
4844
5104
4737
4761
4708
4763
4803
4752
4788
4744
4780
4778
4726
6011
4741
4705
5050
5157
27294
4786
4770
5590
5618
5011
4881
4744
4743
5266
5927
4785
5947
4758
4966
5988
4776
5030
4775
4994
4797
4754
4793
5024
4779
4718
4770
4766
23190
4765
33957
4853
4802
4780
4932
6184
5346
5756
17404
4737
4737
4834
5445
5573
4752
5120
4752
5605
6161
5316
4875
5539
4806
4746
5283
5924
5912
5802
4904
5415
4796
4762
4888
5884
6088
4869
4940
5666
4763
5581
4791
4735
4724
5298
4932
4769
4778
4710
5739
5976
4964
4786
4788
4942
4800
4698
4760
5976
4676
5711
4948
4797
5331
4739
5955
6865
5173
4780
4867
4745
6023
5610
4696
6137
30169
5642
5735
4761
5736
4887
19029
5370
4851
4785
4702
4794
4785
4821
5056
5605
5771
5314
4757
7108
5956
5458
5228
4759
5059
5778
5794
4806
25121
5020
4720
4774
4743
5409
4778
5210
5430
5789
4840
5143
5313
4840
4772
24905
5128
5799
4754
4763
4700
4734
5663
5614
4700
5378
5929
4755
4752
5058
17667
14388
4901
4790
5560
5628
4793
6542
33050
56417
42358
4780
4771
4759
49966
30294
37284
6029
4789
4767
5076
45785
54633
4767
4748
6727
4941
5801
57121
5884
48677
6060
5549
45241
51591
4959
31953
31480
53989
45284
40006
29263
57230
26580
42232
35829
31480
