Cycles
57097
4741
37495
4784
44438
31229
40098
36305
4829
38368
44748
4706
45393
48929
56207
34508
5594
29901
32990
5814
40127
5901
36849
4976
24938
4974
38946
5680
56169
49153
4793
41660
35448
33713
31277
52989
45814
57320
5690
5161
5303
36377
46619
51010
4785
4782
30413
51878
40428
4707
36977
33057
41312
47254
4923
5733
54067
47062
41979
53529
31650
31113
55446
43427
46267
4825
5517
4741
58263
4702
58957
43600
35279
33115
5629
46604
28139
43694
24948
5452
34612
43402
45414
29304
57648
4890
4705
5311
5132
53157
30328
5937
57119
59851
58076
35405
58922
5004
5149
4832
4787
31113
33261
4823
33629
4927
57773
53119
39879
55136
43230
54598
6686
4766
5927
45429
57752
57045
4760
33051
56674
35104
52019
30452
5115
5733
4780
5461
5806
51623
30417
5703
6098
57101
11645
37519
30742
33739
34401
49044
5778
32264
58841
4775
42822
41732
4953
40988
45505
58403
4849
5121
6473
45742
53536
34254
4796
38586
49285
4742
4933
41997
4743
27427
5670
44142
4908
5809
5443
34003
55482
37915
4726
39841
57121
56882
37652
31225
42274
4860
33590
4687
4968
5733
47258
5706
39510
5648
4925
52570
34284
35416
47175
46403
53125
42817
5984
5432
28222
37414
38789
44759
56441
42389
44844
30074
36109
36016
45183
4825
6232
5093
4813
4795
5692
4748
5211
5115
24524
28894
40917
41384
29153
31177
39973
48510
4951
5240
5605
4862
49976
5546
51032
4806
31747
5308
5827
30091
5383
4867
47125
29171
48670
53251
43427
41848
38636
4871
51564
34684
50886
4795
6106
5471
5031
4770
28949
56388
4880
51908
44256
29091
4792
4743
57225
26212
39651
4759
29171
24479
33324
29116
41571
4687
4803
4802
5030
55011
4981
54171
5611
56860
56568
40270
51102
48429
25231
40556
57910
53235
4773
6469
36249
38880
59431
46127
43772
4728
38370
45702
5302
15262
4756
4836
48978
5858
5641
6421
28173
31282
32513
55977
31834
4726
4825
4965
4793
12368
42675
55423
36793
5445
4741
4971
5448
50349
57040
5761
5337
4724
5879
35128
31514
55184
4771
5346
5983
4797
33133
25209
4782
5534
51170
56836
55148
56670
25749
4993
27227
40851
5026
4826
6050
31851
55981
48630
4774
52786
5635
5512
5374
33758
59290
33909
56276
4888
4746
52599
57470
5089
35530
4741
35506
46570
4759
4758
44766
52359
5230
51579
6107
5037
6044
4797
50296
58465
4762
4769
30147
25045
4795
56735
38936
52683
5086
6454
4878
25319
5374
43848
29972
5141
4785
4843
4761
4722
6546
4763
5143
49704
4768
5245
4709
43122
39635
34711
11765
35769
35268
53019
55098
4793
5899
5148
5290
5551
5677
5212
4791
52779
30452
37733
41522
54278
57212
5277
34029
48503
5029
4762
6513
48881
34752
4733
43764
31923
4700
4806
4747
54032
42207
10947
5789
5750
57013
6046
52423
57728
4698
5026
4892
38720
43167
4791
4733
4987
5134
23983
4838
56454
40572
4772
5635
52786
56860
33324
29171
40917
42274
4823
5733
