Cycles
5491
4752
5416
5923
5594
5782
4901
5326
4733
5162
5823
4999
4856
4790
5398
4777
4824
4909
4760
4817
4834
4778
4771
5037
5210
4774
4698
4769
4893
5220
4760
4752
4771
5333
5725
5929
4745
4706
5450
5346
6147
4748
5383
5520
4748
4791
4778
4776
4761
6506
5559
4839
4760
4748
5975
4871
5537
5378
4957
4769
5365
4763
4840
5750
4731
5143
4919
5276
4830
5798
4763
4771
4741
5238
4754
5087
5476
5057
5528
5324
4783
4918
6015
4763
4748
4768
6046
5886
4732
4949
5625
4834
5283
4733
6045
5642
5157
5025
4754
5091
5566
4811
5241
5758
4959
5467
4852
13055
4769
4794
4762
5288
4780
4896
5983
4862
4942
4772
4851
5097
5331
4812
4989
4943
4788
6098
6886
5152
5249
5737
5337
4703
4765
4768
4700
4765
4760
4743
4886
4729
4787
4759
6014
5621
5741
5311
5832
5866
5236
5246
6356
5739
4745
5794
4944
4724
4780
7033
4771
9117
4751
4776
4784
5769
4856
4939
4748
4988
5545
5843
5895
5201
5979
4744
5471
4878
4701
4782
4838
5638
5385
5186
5485
4940
5951
5206
4765
4685
6109
5030
5391
5963
4831
4868
4849
4808
4774
4757
5710
4780
4754
4789
4780
5940
4784
5931
4769
4782
6331
4894
5813
4841
5061
4842
5683
5329
4769
4781
4786
4767
4998
5476
5771
4834
4759
5238
4759
4814
5120
5212
4784
5029
5421
4837
4858
5370
4752
4770
5452
5099
4806
4762
6217
4994
5722
5424
5700
4777
6020
4753
4767
5673
4792
5777
4770
4780
5145
5420
4782
5359
5777
5506
5616
4774
4702
4759
5368
4867
5247
5748
5541
4758
4771
4878
4748
5622
5812
5595
4713
4782
5405
4772
4830
5007
5752
4916
5561
5663
4832
4767
4929
4797
4780
4808
4773
4805
5172
4898
4793
5128
4759
4925
4860
5623
5470
4771
6177
5247
4851
4773
4787
5044
5795
6154
4819
4795
4808
4780
5353
5698
4839
4754
4767
4780
5579
4931
4778
4832
4760
4791
4802
5513
5121
4788
5423
4886
5509
5067
4878
5668
5841
4773
6071
4750
4780
4763
4770
5015
5439
4724
5478
4759
4830
4789
4754
4902
4795
5787
4761
5422
4773
4763
6152
5795
4720
5984
4742
6067
5517
5393
5397
4804
4884
5295
5026
4734
4806
4748
4817
4836
4794
4766
5558
5843
5026
4782
4746
6175
5398
4768
4735
4795
6050
4724
4829
5813
4788
4783
5866
5052
6780
6609
4771
4735
4770
4835
4761
4871
6106
5891
5805
4771
5173
5463
5958
5361
5923
4798
5149
5473
5209
4946
5618
4952
4775
5109
5569
5177
4865
5845
4760
5728
5333
4724
5597
4748
6191
4821
4818
4972
4774
4722
5564
4755
4769
5767
5548
4824
4802
4729
5333
5666
5686
6052
5526
4924
5860
4777
5246
6193
5449
5002
4772
5910
5601
4741
4704
4780
5087
4946
4773
6154
4860
4793
5777
5673
6020
4782
6109
4940
4744
5220
