Cycles
6007
4762
5726
5368
5351
4773
5227
4946
4817
5778
4819
5426
4964
6400
5439
4994
5927
5102
4680
4634
4678
5406
4760
4664
5662
4811
4796
4801
4889
4800
5080
4990
5024
4821
4936
5001
5492
5023
4953
4754
4782
5089
4817
5016
5864
5983
5734
5108
4966
4894
5288
4926
6105
4983
4817
4959
4627
4866
5141
4795
5579
5917
5647
4771
5138
5564
5095
4851
5564
4762
4817
5101
5340
5726
5091
6189
4892
5948
4782
5151
6320
5679
6460
5276
5540
4804
6152
4783
4789
5696
4813
4814
4797
4968
5238
5383
5545
5445
5326
5302
4901
4724
5228
4791
5444
4912
5937
5400
5274
6096
5258
4815
5020
4791
5687
5854
4752
4806
4816
5346
5821
4780
4810
4924
6197
4811
5324
5638
5920
5817
5547
4788
5380
5365
4823
4798
5925
4800
4800
4797
5944
4776
5631
4765
4786
4810
4824
4813
4793
5042
4853
4825
4946
4795
4816
5388
6073
4817
6162
5174
5151
4728
6029
4646
5333
5044
4827
4793
5251
4790
4937
5608
4653
5825
4670
6130
5402
4791
4798
4885
5646
4784
4875
5232
4806
4780
4961
5784
5968
4928
4687
5737
5420
5002
5097
4808
4812
4817
4875
5413
4758
4767
5100
4890
5503
4819
4826
4777
4810
4822
5277
5652
4817
5065
5946
5780
5123
5719
4920
5606
5316
5914
4886
5571
5493
5054
5093
4923
5281
5331
5890
6126
4674
4746
6320
4879
4810
5863
6080
4784
6023
4827
4780
4771
5017
4806
5575
4835
5486
4796
4817
5903
4796
5525
5067
5505
5054
5670
6017
5521
5996
5015
4799
5601
4830
4655
5927
4955
4780
4827
6257
4823
4780
5404
5566
4791
4801
5147
4798
4806
4847
4819
5566
4785
4793
4808
4841
17333
5027
5007
4806
5539
5101
4819
5910
4931
4842
5797
6063
4821
4648
12942
23803
4904
5680
5129
5946
5426
7105
5966
4879
5905
5679
4787
5186
4761
5400
4780
4985
4858
4791
4901
5359
5169
4825
4794
4834
5240
4886
5192
14840
6039
5025
5990
4780
4800
4801
20097
4897
4821
5970
6003
4791
11990
6045
6009
4758
4653
4778
4942
5842
5186
5158
4809
5648
5087
5467
4804
4768
5337
5890
5529
5502
4945
6180
4836
5229
5486
4712
5976
5042
5525
5456
18756
4955
5623
4806
5144
4751
4778
5465
4793
4786
4829
5506
4791
4802
4945
5461
5869
25302
4793
4744
5069
5772
4977
4646
6214
4797
4847
5016
4795
6210
5270
4942
4806
4864
5620
5782
4897
4791
4829
5800
4948
4802
4888
4797
5473
4885
5562
5513
5251
5750
4879
5575
5936
4944
4681
4806
5931
4756
4933
5649
4853
4801
4780
4821
4668
5071
5072
4822
4799
4884
4627
6214
4860
4935
5004
4795
4735
5432
5340
4791
4793
4808
4793
4793
4917
5276
4744
5363
4836
5182
6119
5469
5137
4903
4862
5112
4761
4828
4870
4946
5446
4814
4945
5534
5330
4888
14749
6073
4954
4782
4807
4764
4830
5655
5737
5366
5575
4847
5128
4813
4819
