Cycles
38711
4845
4993
4789
5144
4739
4701
5802
4724
6391
4767
4845
5277
4822
5058
5210
5774
4860
4706
5072
5346
4759
5091
4787
5549
4808
4876
7159
4737
5465
8113
4830
4793
6167
4778
4797
4951
5516
4847
4691
4828
6126
5657
6036
6093
5356
4793
4742
4755
5951
5367
4756
5389
6234
5054
4723
4987
4895
5111
4790
4726
4898
5480
4795
5381
4802
4776
5007
5778
4942
4783
4947
4869
5134
4752
4908
5791
5850
4929
6160
4779
4795
5190
4792
5677
4717
4815
4743
4770
5514
28080
4799
4788
4778
4778
4714
4713
5758
4771
6261
35175
6167
6026
5249
6188
4855
5693
4728
6072
4925
4763
4696
5375
4770
6960
6240
4786
4879
4793
4929
5555
5730
5499
5007
5247
4776
6008
4805
4750
4793
4763
5014
4910
5173
4746
4778
4847
6504
5017
4811
4897
6251
4752
4782
5319
6627
4813
5581
6109
5098
4783
5754
4823
5595
5387
4748
6203
6028
4869
5130
4761
5948
4779
4827
4996
4831
4769
4829
5249
4759
4767
6138
4773
5185
5043
5421
5698
4812
5658
4935
4815
5125
4728
4780
5337
4878
5927
4793
4752
5398
6186
4797
4735
4822
6027
5066
4949
4799
6590
4765
5028
5936
6558
5165
4711
4868
4782
5674
4773
4830
4981
26374
5762
4776
26088
5397
4821
4799
4793
4815
4765
6227
4839
5791
6122
5923
4814
4835
4796
4788
6286
4884
5050
5016
4784
4744
6027
4795
6277
4860
4792
4833
4788
5188
5087
6184
5754
5450
6512
4787
4787
4784
4789
5243
4804
5899
4787
4796
28313
5448
5229
5703
4841
4830
4780
7070
5758
4914
5461
4796
5355
5607
29508
29482
28883
5372
6039
5127
5741
6499
5214
6119
4759
5737
4741
6120
4806
5049
5059
5285
4758
4778
4821
4988
5385
4793
6560
5687
4946
4780
5735
4869
6368
6057
4897
4793
6696
4774
5750
4806
5793
4778
5960
5912
5709
4785
4813
5330
5270
4875
28207
4832
5750
4942
4840
4797
5303
4826
6290
6048
6208
4795
28408
5810
4814
4787
4987
5713
5261
4771
5525
4722
5350
4804
9361
4826
6145
4771
5268
6076
7268
4804
26024
5665
4765
4830
5322
6052
4810
5022
4771
4796
4795
5772
4816
5426
4799
4745
4763
5711
4775
4855
4789
4806
5653
6030
4790
5089
5048
5140
4991
4754
5261
4769
4787
4769
4957
5549
5775
4761
5320
4773
4784
4784
4810
4779
5009
6061
5329
4772
5758
6070
37448
6033
5041
6320
5962
6761
10292
5605
4927
5948
5899
4784
4744
5419
7262
5145
4688
5484
5651
6145
4957
5375
4808
4776
4858
5649
6137
4769
4803
4953
4796
4840
5288
5398
5061
4831
5312
4750
5052
5577
5182
5892
4937
4961
4745
4795
5684
5024
5673
4759
5292
4883
4756
4776
4906
4774
4813
26067
5208
6274
38836
6060
6699
4778
4702
5115
47984
4849
5285
6884
54188
44492
5422
4762
40838
6076
4789
4858
34938
17401
4916
4810
5502
4786
4827
35955
4923
31231
6460
4779
5819
4832
6336
4795
38452
54188
