Cycles
4893
38727
29024
38361
5955
4958
4782
6158
34303
31132
26127
4796
29253
40148
31194
4882
49282
6113
48256
30531
4804
32992
5396
6171
5269
32800
57130
55983
4787
33260
5566
6374
4745
7076
50803
51670
40983
4748
6041
6458
49609
33173
5050
5016
5454
5615
5742
4784
54538
57373
4783
44148
5784
45226
4777
6026
28279
5001
4842
40911
29798
4783
5009
53378
4802
4779
4758
38476
52434
5463
32825
52942
4786
35677
51842
4737
5076
4767
4787
42796
6329
37556
26469
4737
4938
7461
29849
5362
36210
57225
35139
37221
48501
39542
5925
39306
55009
6373
6381
41695
43593
4731
56369
29842
43489
4882
32979
38042
43893
5936
52845
40426
4780
45204
4836
5819
5737
31273
4780
52136
35832
32650
31505
4772
46479
50399
4813
4810
4836
5407
56086
17302
34778
5977
53159
55824
56437
5709
50646
30600
40675
40266
5994
6063
49107
57645
56808
33867
51874
5033
5056
5851
5896
4866
4884
57559
4996
6506
4673
4806
34339
31608
30287
48270
36418
4780
4808
4832
4767
5899
35580
57348
4784
52006
29299
45481
4707
5309
4855
4708
54467
57572
4854
5331
6121
49533
40039
4733
42630
31391
5869
4775
4755
4800
36790
29338
4770
4763
55441
30407
58515
57035
4748
5253
53689
57365
55578
5976
52433
45073
47337
4765
5024
48555
4929
5491
49861
48332
32220
5266
4776
28501
4793
38807
57497
4938
4860
56309
29873
13240
51349
46474
33413
5035
4748
4894
4702
57618
56957
4732
4705
4783
4823
5353
4798
5089
5938
4728
32928
50481
25939
5631
5482
5354
4733
5800
4976
5843
4730
46272
31106
57936
31318
28000
5529
56626
5740
8822
5685
51106
5052
34884
4670
4768
6051
48198
36644
40068
4799
42682
56989
4776
47217
5239
37347
45982
51768
4795
4801
5011
40366
42336
49487
5964
4776
36668
4877
39122
4698
39042
4806
4767
52456
29747
5614
31525
4865
38966
57879
52931
54963
50330
35860
37487
4739
32458
33339
4830
4921
41751
4778
46404
28278
55836
44270
24527
28052
47066
5361
4951
43416
5890
5441
5932
5555
50393
4802
4800
44366
55452
36670
5655
4738
5193
4979
38124
31970
5771
53604
57186
59387
34755
28371
4797
6454
4765
31238
31203
45783
38020
51297
55469
5849
5501
4788
5022
4811
5006
5122
4801
4760
40286
40164
4780
44521
4787
4778
4794
47775
31692
5888
4779
5638
5724
52065
50058
54493
5767
53853
6622
40930
5499
7189
4795
5352
5494
44788
56664
5417
4942
56649
31486
58223
56205
57068
5238
4734
57648
5279
55946
32249
38552
50289
4737
44034
5909
4726
5268
5448
28715
32831
58741
4853
4719
5124
5048
4784
4756
44602
33687
4772
4879
5788
5143
4821
5643
4683
5527
5360
4881
6828
5982
4796
6002
4713
6076
4769
5868
5307
4744
6024
4797
5723
4905
5335
5388
4804
4771
4813
4806
5880
4804
5756
4840
8856
4808
5292
4992
4762
5610
4767
4786
5292
4744
4774
6985
5465
5586
4847
5028
5942
4786
6013
5701
28157
5074
4966
4782
5331
6043
5007
5960
6382
4800
4791
4771
5888
4802
4670
5353
