Cycles
4677
36363
4693
40108
40604
57967
35996
44872
55762
36925
46370
54089
4828
52398
40347
31482
4711
30525
4691
5386
35115
52993
5093
50954
39126
4931
4795
42169
44976
5343
5642
51017
5642
5636
41591
50146
5139
40874
25039
5845
30808
47125
44716
44239
42688
46062
52170
52250
56392
53538
49117
47328
32647
34660
4894
4776
6029
5711
4796
4892
4663
56960
5397
33598
4868
4722
4810
6089
57391
21701
4735
4970
4821
4810
52149
55916
29575
34601
6133
29757
23959
48183
53949
4800
47218
4914
52149
36801
45624
55476
41144
4743
4780
32512
37766
4834
6651
47211
49594
24617
34102
4769
6035
40601
37986
45045
49814
32400
4794
5104
5109
43300
39306
5480
51888
29365
49196
46511
56788
56737
42094
52892
42852
4806
4696
48034
38666
55888
23205
43515
4779
41589
36977
54131
30238
47513
5809
4793
37371
4772
34711
44982
4838
9167
40858
4944
4839
4787
49350
35110
40155
36307
55687
4888
4657
42051
32998
4817
29825
44213
5235
4776
6251
4644
33569
30013
18669
5925
56793
35007
4821
38779
46271
36930
33936
5027
4731
35090
38185
28805
47032
38504
54564
4838
4704
40937
18308
57932
43185
34035
6023
46299
52529
57366
47038
5805
52298
53777
55826
4718
4700
4772
4749
4800
4802
4815
5274
5281
4843
4822
4676
24246
4796
5772
4786
4791
5424
5811
5072
4897
6112
6082
29398
4778
5384
4694
5959
46887
6534
5408
37608
30275
5426
39158
38048
38845
5408
53916
40880
5474
5499
41252
4774
5066
58216
46550
51722
4966
50207
5581
5633
4721
4770
24347
33353
4787
31458
5773
4819
11411
5545
4768
5786
4804
5165
4800
5000
9094
13053
4845
6311
5318
4819
4774
5865
7236
5444
5143
4771
6657
6683
4810
4774
5748
5147
46639
5272
23690
5666
5259
39630
58765
32707
33955
5536
4863
57333
31941
30916
32558
47187
5274
5670
47311
4660
4754
4828
4673
4767
5172
5218
5456
24660
4862
4739
5221
4968
4767
5877
4979
5523
5968
5574
4933
5998
28205
4781
4886
5351
5975
5323
5350
5197
6452
24810
5829
4845
5111
4821
4795
4819
19472
37774
48505
4905
4933
57134
4693
44868
4621
54369
29363
6147
36498
33993
5046
50306
40991
4925
5581
4679
4795
4777
6236
4821
4800
4855
5581
5920
4765
4806
6209
5531
6015
4769
4789
4770
4873
6185
5076
6031
4793
4910
4701
4808
6081
5460
28002
5411
4662
4774
4803
33676
53841
5810
36459
4805
4690
39934
6052
51771
37687
4819
4854
4694
29257
4920
4846
40669
46833
31828
4790
29837
4976
4731
8259
5009
5521
5025
5730
4876
4774
21127
4796
4804
5720
4832
4679
5184
6016
6806
4800
4754
4854
6203
5957
4615
49507
4811
36722
4973
5096
54716
58709
56425
57231
49188
5579
35316
5648
39761
6174
5507
5311
5498
54251
34700
34143
28812
30832
5322
5296
4718
17623
5493
4648
5838
4726
5409
6058
5893
4752
34370
5322
4819
48505
5274
4657
5642
