Cycles
50878
4806
51384
4811
4878
56089
5823
4773
54081
46051
4804
58434
4951
35985
58611
34000
6432
4715
29741
5839
4773
4907
31632
37036
40803
4824
4789
49464
46267
26593
52356
55007
47131
38830
44407
4895
5128
33951
38133
51879
5000
4912
6044
46468
4770
6798
5481
33240
59687
28881
30782
4765
5100
38770
4795
40624
5547
5419
57277
33409
4785
43799
4941
4822
6398
5668
4939
53150
56768
4797
44912
56799
34481
4763
39562
6757
30992
5260
4822
5346
4782
4791
6107
35247
44823
44576
5326
4769
5279
4834
55229
32528
54314
37234
50942
41065
6409
56542
43917
52232
46704
5899
4797
5893
34862
58942
45202
48366
4843
4888
57804
30694
32679
33475
4886
39485
4817
30277
35021
4931
6022
5670
4756
57633
30059
44870
54981
12370
48274
6040
4985
5480
48470
4702
31298
39988
4970
4768
4780
32084
46829
48894
38088
32486
39101
52379
4767
37144
45432
5312
5661
7063
7305
54881
53883
4793
35424
37234
4687
29562
53663
41917
50926
28404
51678
5333
44729
42224
56389
5374
6009
4866
4861
5657
4800
46787
4771
4741
5929
36746
4802
10273
4773
43446
27263
4730
51663
48755
6255
5136
5012
36219
55925
32728
57119
4834
5470
55954
29322
57728
29295
30294
34853
39453
4772
43153
4884
6156
4759
6350
4778
6502
54091
55352
29745
53795
39139
6154
49631
4916
5350
36273
35463
4918
42906
6759
26103
5632
5240
4765
4983
57613
54575
32049
39962
30960
5628
5068
4795
29053
42779
5589
4758
38541
58054
56745
57802
55910
51431
5709
42099
4711
32108
5962
14939
36060
5821
49831
48987
33415
54132
54080
38959
29929
4772
56808
56255
57020
4765
48422
4903
4806
5808
31346
4758
4841
49353
29764
5827
56629
4792
32545
52631
45003
42706
4782
37936
5652
5646
32523
29389
35348
36480
4757
42593
48317
4766
57210
39675
36193
41651
4788
5348
46110
5676
30457
41144
36582
32925
41561
56814
5763
4715
4871
56735
5288
47208
51634
28534
52974
57587
5874
40319
5314
4783
4792
4813
56996
29291
32238
4800
4801
55103
5610
43520
42375
47598
47973
38166
4955
5815
4773
4877
28814
4806
6178
4783
4789
4857
33610
55129
33515
38124
31350
52630
45056
45239
37932
5001
4776
28648
58637
32149
32264
52620
41503
37454
36120
55851
51341
39991
4817
35491
42915
29266
4857
5025
4702
5440
4809
40435
56737
5590
4748
55834
57592
4809
5046
57996
5670
41911
4773
50060
6295
4750
4882
40211
51625
34422
5920
5901
28816
31086
47287
29937
4731
5480
31286
44978
5272
39917
4880
56069
33934
52663
57742
56708
50903
39322
6880
4853
57173
4739
35000
6199
5333
42431
36718
37260
57106
5180
54896
4803
52134
37694
5754
42621
58367
53093
4892
29999
4883
6377
6175
4768
7238
54145
5212
5164
49663
4752
4788
48782
48322
34224
38843
46846
33562
56719
5061
6045
6132
5666
5536
6301
4681
28667
5778
5361
4782
6361
58635
58761
4758
45354
30393
7098
6024
29754
55307
47991
4763
45690
39578
15811
4741
4787
4769
4817
54968
57173
29937
6295
33610
36193
29053
34853
37144
4702
4789
