Cycles
6097
56158
5418
4696
49041
5712
46613
31962
5869
4741
25594
31277
5689
28246
4793
6978
41416
56344
6041
51296
31235
32356
57857
56625
4817
5240
6602
5267
6168
4993
4756
5223
5301
29361
4817
4774
33646
54405
56257
4957
39932
4896
48151
40947
57391
42131
43611
52694
50138
35204
4750
5015
52851
41446
33309
34141
54488
4825
47319
43735
5882
5953
4984
5620
4782
6638
4802
45828
4804
6018
48224
4806
49019
4804
53641
49989
4806
35595
4778
5361
4777
42409
57013
4774
57124
47177
5071
5957
52124
24445
4798
5653
5189
4901
5191
4703
4948
4847
4849
5802
5525
4912
5229
6223
42621
4881
44377
4705
28849
5679
5867
5864
5919
54514
57070
4925
5340
5094
4756
56838
31891
11767
42500
6812
6601
5350
45403
31214
6300
5336
46436
37200
52582
58018
54955
4925
31966
51064
5203
5013
5748
57132
5702
4852
4754
28137
4800
6160
4722
5985
4839
4860
5143
4730
5636
4932
4760
4765
4772
5622
5090
4795
5720
5948
28178
5245
6241
5079
5613
4821
5968
5539
4767
6002
5841
4717
5491
4791
6011
4765
5773
5006
5540
5058
4935
4761
4764
4724
4832
4826
5329
4745
4704
4778
6268
4816
5225
4768
5945
31182
4877
4871
5033
4798
31927
5916
4793
4810
4803
4929
4767
5329
40059
34271
4908
40919
35929
31526
43142
35593
4678
43040
4823
4923
5914
5400
44235
30065
4732
35178
4864
52268
30657
31333
58201
4955
4774
35869
34665
5019
35213
5138
50915
55628
56944
6094
53021
5940
50040
28841
34784
4819
43240
4812
40572
5390
5273
5575
41100
31766
4737
6568
39618
36108
37811
49369
42540
5372
5110
37315
56540
55894
35463
4806
36234
43599
55801
38501
5068
37966
24995
39979
5910
46293
43952
4782
5884
4868
38521
49345
45760
57762
36076
5098
42513
32395
5156
4738
56752
57266
36484
43984
36748
5291
4783
4854
59669
34982
5590
46725
47857
4929
55594
54367
45340
5994
46730
4793
57572
43429
44387
50593
4778
4702
4806
4797
4946
4722
4708
52596
56663
35804
48811
31030
33385
5299
5646
5780
5495
28045
5281
36236
58177
55877
4707
4960
54599
30208
32374
42321
35819
46600
45152
47758
5996
54905
4832
28077
5034
5229
58292
30354
5234
4759
53671
56916
31242
56963
27142
4801
56672
30764
5488
58157
29992
5465
5120
29109
4833
4891
5961
42576
4800
4748
58910
56683
28914
41592
4793
23500
39094
48453
42391
50408
36049
30154
5743
36733
49293
36167
4955
41100
29527
4791
36604
30212
4830
6450
40508
39801
4750
57951
4852
4705
4880
50559
33206
4784
5130
5249
4767
30045
5660
45522
4879
4683
5904
5508
5513
50874
30924
43949
5896
5327
40459
56765
49499
55586
4689
6802
5104
4789
49446
56974
5078
4726
50946
4869
31242
51226
5102
4993
4760
4681
4741
32471
5683
5925
31488
57768
32691
50119
4965
53528
26262
39509
4927
32618
47160
5167
5529
31680
33516
4821
4759
53657
55243
58361
30389
4754
4803
33905
5145
4768
45261
4903
50747
5002
44198
5822
4806
5013
46343
30242
4780
54935
32374
30657
29361
5712
