Cycles
5858
5059
5930
5267
5196
4841
4996
4823
4797
5192
5661
5014
4663
5022
5270
5446
5424
4639
4975
6158
5285
5947
5863
5233
5290
5506
5411
4789
4910
4900
4914
4778
5942
5076
4771
4916
4943
5335
4870
4681
6111
4800
5063
5148
4794
4935
6136
4838
5285
4862
5128
4890
4858
5862
5856
4747
5923
5085
6034
5687
4663
5436
5007
4827
5603
5441
4793
4938
4793
6331
4937
4906
4681
4750
5318
4672
5510
5108
4964
7562
5245
17189
4729
5113
4839
35920
6947
4663
4869
4836
4751
4899
6052
5929
5098
5669
4979
4708
5130
5574
4929
4808
5238
5145
24566
5273
5070
6359
4815
4829
5271
4780
4806
5617
5196
4734
4643
6176
5083
5807
5108
4814
5398
6378
4944
4672
5860
4821
5659
5029
6689
4906
5709
5317
4906
4776
5411
5050
4922
5219
4808
4991
5106
5970
5728
5218
4881
6043
4929
4886
4791
5256
6500
4966
4788
23632
4904
5435
4856
4783
6338
4806
6230
4877
4795
5545
5719
5011
4821
4657
4979
5827
6033
4834
4723
4847
4894
5048
4771
5339
4738
5512
23706
4882
4828
5177
4743
5447
5020
4832
5368
5000
5007
4802
5050
5918
6778
4883
5240
4746
5920
4786
4737
4642
5085
4796
4647
6342
5296
5057
4811
4882
4914
4802
5013
5876
5121
4782
4771
4821
4784
5665
6387
5247
4826
4852
4942
6052
5598
5031
4732
5164
5393
5540
4786
4741
4907
5746
5892
4806
5992
5814
4741
5330
6093
6289
5115
5521
5990
5313
4786
5502
6061
5176
5778
4938
5657
6028
4774
4820
4780
4796
5099
4929
5229
5968
4755
4873
5499
5008
5067
4785
5778
4947
5901
4916
5156
5104
4899
5569
5359
4942
5770
7030
5391
14367
28942
5566
4814
6160
5398
4814
4771
5702
4959
6064
4817
4760
4888
5700
6221
4981
4765
4875
5233
4735
5041
5376
5755
4895
4772
4809
5983
6071
4912
4763
5452
5337
4908
5435
4797
4942
5344
5823
5713
30374
6035
4869
5260
4806
4830
6249
4674
4843
4819
6031
23570
5871
4795
4819
5056
4932
4990
4827
4808
4752
5707
4829
4813
5160
4814
4815
5070
5754
5596
5060
5085
7650
5977
6041
4884
5028
5403
5912
5230
5024
5385
5113
5961
6080
4945
4951
4827
5779
5003
4937
5592
5021
4752
4804
4781
5942
6083
4821
6109
5266
4801
4796
5152
5281
5848
5281
4746
5055
4823
5086
4868
4925
4803
4935
5854
6031
4985
5301
4871
5286
4869
4882
4786
4784
4783
4942
4914
4890
4932
4681
5504
6538
5426
4793
4784
4783
5238
4782
4764
5096
5936
5582
4791
4795
4776
4790
4970
4662
4813
4985
4782
5359
6178
6208
5278
5441
4801
5768
4903
4790
4823
5959
4778
5801
5156
5903
4820
4816
5562
4817
5633
4743
5821
5406
5463
5178
5012
5437
4948
5415
5085
4760
4808
5461
5793
4831
4791
4922
5410
5328
4905
4762
4826
5734
5610
6018
4785
5557
4807
4789
6227
5370
4787
5616
5655
5687
4825
4825
5148
5728
5117
4795
5415
4803
