Cycles
34408
4752
4657
4770
5566
5337
5093
24465
5452
5601
5927
4808
6087
4905
5685
5016
5400
5061
5821
24733
5520
4972
4813
4742
4866
4780
9120
5437
4774
5134
4852
5093
12260
5354
5208
5644
6211
4865
4800
5061
5231
5497
4795
4810
5842
4979
5586
5660
4813
5409
5722
4692
5672
5644
5400
4788
4806
5020
5594
4938
5860
5622
6052
4847
4799
24546
4860
6404
5765
4817
4893
5567
4733
4824
4642
4903
5004
5204
4903
4920
6431
6083
4798
5061
5035
4953
5445
4786
5468
4834
5516
5625
4798
5083
5724
4783
6567
6093
4972
4747
4801
6117
5627
5778
5925
4784
5780
4646
5858
5942
4832
4782
4853
5443
5018
6001
4824
4942
5300
4657
4819
5917
4816
4810
4786
25830
4936
5491
4793
5150
4800
4810
4786
5068
4780
4657
6368
5041
6391
5767
6694
6059
4804
5356
5049
5000
5836
5674
5484
5515
5238
4749
4821
5355
4793
5981
4818
5005
4778
4778
5014
4821
6534
5353
5201
5372
4679
5082
4799
4829
4773
4800
5255
4810
4832
6164
5594
4851
6266
4780
6398
4790
4754
4648
5857
4987
5047
6841
4791
4801
4787
5407
6407
5631
5650
4828
6011
4791
4803
4845
5553
6218
5845
5964
4836
5758
5504
4772
6012
4821
5678
6308
4799
4788
4823
5342
4787
4785
5368
5716
5233
5806
4819
4802
5979
4808
4774
4793
5705
5601
4789
5797
4930
4914
5121
4869
4805
4784
4804
4817
22257
4793
5673
6208
5827
5979
4812
27417
4940
4780
5617
4837
4882
4959
18438
4825
5799
6042
4825
4824
4914
5117
4965
5396
5492
4769
5694
5130
4853
5040
5655
5809
4685
4794
4802
4814
6064
5508
4809
4856
5067
5211
5780
4820
5116
5476
5445
4998
4779
4814
5974
5063
5489
4925
6852
5184
6311
5819
4847
5172
4886
5504
4646
5018
5759
5648
4936
5443
5503
4644
5311
5251
4826
5774
4797
4829
4772
4849
4805
4799
4832
5994
4836
6113
4730
5935
4802
5882
4968
4823
5003
5367
4785
7676
5648
5662
5894
4821
5240
5709
5233
5372
5367
4795
4914
4773
5691
6091
4992
5649
4907
4826
4821
5016
5598
6462
5262
6130
4970
4901
5830
4828
4792
4794
5078
4912
4927
5344
4849
5061
4781
4884
5085
4853
5543
6051
5962
4849
4810
4811
7796
4933
4765
5133
4752
5807
5217
5456
5197
4789
6462
5590
5916
5080
5063
5741
4798
4682
5168
5722
4794
4966
5044
5694
4825
4784
4812
4819
5086
5836
5209
5268
4819
4799
7757
4830
4804
6342
5099
4938
4878
4979
5615
5495
4952
5932
4814
5428
4806
5428
6082
4793
5392
5467
4914
4789
4996
5650
6152
5892
4941
6010
4659
4649
4803
5044
5953
4782
6169
24222
4622
4635
5397
4836
5784
5832
4934
4834
4642
4819
5633
5365
4784
4743
5642
6115
5908
6098
5171
5108
4726
5043
6022
5886
4790
4657
6048
4754
4929
5579
4819
6087
4817
4808
4780
5573
4834
4893
5327
5327
4754
