Cycles
5487
4975
5314
35269
5644
4758
5722
5657
4734
27302
4780
5493
28927
4927
5393
6040
5441
4791
40312
5698
50501
4886
36421
44664
5374
38200
6110
4906
53873
31037
55190
32033
5321
4759
4788
23988
38039
5905
41008
5417
5251
4878
4894
56188
57311
43228
4920
39934
58120
45166
4960
37686
5726
4753
21021
5736
37791
32914
58674
59125
5687
5199
46583
55862
5005
49379
52971
4860
38653
41219
48475
5463
4790
6812
4896
4770
4771
4771
48404
5196
43073
52904
4752
30722
39094
27324
50251
5072
4970
5737
4739
6151
52445
4773
4709
5325
4880
5035
5407
57513
5947
5480
4767
4862
4996
4729
4693
32103
58864
30244
4768
52695
5750
51894
29683
13385
53008
5217
5272
4866
5172
37959
6028
5162
32000
41651
4868
34958
4752
23881
6366
4800
47151
43397
36107
57158
4797
4838
5129
4795
4759
4767
5456
4758
4726
5489
6057
4750
4786
30570
6056
57383
10400
6564
45586
55248
4789
44499
6106
26963
30882
4819
4698
53060
49136
24557
29106
57951
4754
33884
34828
41405
4747
4749
42390
56947
4886
4759
6020
39297
4892
48183
33171
4685
29941
37756
30294
5793
24635
4740
4838
30181
33672
55108
4870
45379
47710
4677
47008
6059
5467
56503
4929
5623
4979
53078
31782
29032
58477
6054
5484
29004
42563
4804
5361
40515
39619
37456
6119
47391
23894
5552
6111
4800
6981
33968
24408
21414
36789
4858
56186
5072
51064
47667
39210
25183
4957
5212
5383
55108
33543
30268
4872
4782
5534
57003
30903
34141
51771
4821
4841
5519
4778
5439
4780
5003
4787
4979
23618
4810
29128
5493
5964
5098
4763
5030
4827
4758
5113
5692
4856
5058
6147
28311
4709
5063
24009
5007
4977
4752
53791
46672
32381
54800
26157
17084
46907
4696
4738
4987
4780
5940
5923
4903
6102
5259
14757
4973
4772
4758
4955
4844
5167
4931
6414
5171
4767
4782
4690
4713
4752
4704
5603
5462
4808
5971
4942
57888
4748
54074
5934
49369
5109
46805
5451
35259
44621
57542
4780
4851
4867
5532
5657
4780
4864
4838
6022
4853
6230
5165
5191
4730
5521
5024
5626
4769
5756
5134
9727
6806
5322
4944
4802
4810
4869
5400
5037
4758
4795
52851
4890
4856
5456
5169
4760
5410
5151
31734
5923
34030
6137
34934
47081
34406
32405
4726
4793
11850
4799
5262
4759
4750
5865
4789
31493
58093
39223
6057
4930
51531
44916
4741
5823
56692
4730
4840
6791
36323
33854
56636
30778
31942
5229
5614
5683
5666
5476
37516
45155
44483
45103
29328
29776
57015
47766
23628
87728
30825
26165
43377
49520
38152
33444
46961
4832
4890
4982
29414
4921
4699
44904
46745
51115
30416
5981
35558
4804
51557
5003
4735
6316
5981
6072
4806
4728
4922
4878
6095
42307
58912
5270
57149
37386
33135
17167
5797
55056
54610
54610
47766
29776
44483
45155
34406
4929
30181
5737
52971
5687
28927
