Cycles
4876
41899
5377
4851
4715
45167
4774
5030
4787
4864
4795
4806
4780
6145
33404
4797
38057
30030
40240
37217
52825
32430
4773
5076
4955
4787
31375
4776
35263
4810
4757
35999
15959
5020
42811
45907
49145
4746
36284
5052
4793
57400
4868
4786
5914
5491
112808
57417
5327
5843
4871
24833
29566
33293
44017
5824
8164
42455
50011
56994
5957
30868
33841
49963
39528
49637
40433
37382
5653
33981
52847
41878
42883
4907
4776
4959
5317
45431
49830
37332
35960
34232
26987
4800
51970
44550
5743
49257
4765
4860
25302
4763
4737
52591
4791
56879
5491
51575
18740
4691
5445
26227
4659
5022
31046
33631
29661
57990
56177
32754
54328
4780
40162
4946
4809
25244
4800
37687
54844
40954
44008
34827
5570
6027
4784
5223
5115
21574
4783
4806
4997
46175
5364
4684
50805
42400
5471
5314
4735
56817
13817
47701
4766
4847
6182
5097
54425
30924
29378
30869
10027
4812
4760
4907
27347
30847
36043
42394
4865
5973
4787
6045
5011
4793
5484
5328
50808
4974
30776
25009
39439
48989
48392
4810
8532
24039
4964
4667
4916
37646
31764
4804
32897
5191
6674
4802
40572
4795
42611
4774
45147
5024
49911
5180
4791
4782
25211
5620
6188
32376
30188
58669
4802
4754
58514
49175
25073
6123
5258
39818
37359
38273
38112
35595
59893
4761
4797
57076
4775
4806
41287
5398
34229
53467
5717
4776
4800
4942
4774
4953
4843
6048
6085
5867
44422
43975
30128
31311
35122
5010
55942
50490
33368
38540
49624
54229
5426
6211
4991
47809
30400
5672
4832
4944
24261
6067
5990
5793
5582
6109
4765
5899
37281
4783
55400
48667
19501
23895
4795
4836
5043
4780
5902
31113
4819
5460
5091
5854
4806
4700
55779
4772
5538
5027
5356
48890
39528
5452
5098
4793
5429
54495
42014
5719
49937
53235
4784
4767
5266
30374
4776
57952
5057
5059
37709
33117
46602
4973
4787
6040
4767
4793
4822
43488
5616
4873
13031
4778
4768
4771
4827
36415
4745
4786
48987
41996
45003
31473
5164
37489
33939
37288
5447
49941
4708
34044
6003
41889
31197
54111
4815
55268
40481
34780
43338
4819
47481
32672
5737
23890
32512
29135
4796
4763
4765
4903
4687
5670
47542
5588
37180
4784
4765
54371
31620
5808
4870
25810
38113
56476
36765
5143
4834
48215
4804
38186
4789
5955
55670
30032
5125
48293
4912
5146
4861
45702
35346
4814
4819
54291
5401
5301
5837
5921
33681
30193
4810
6428
4734
38150
32437
48785
42708
4793
32399
22874
5749
33067
4778
56067
33770
58675
59043
29724
4787
5676
45861
50021
48058
51039
4692
4821
5122
4808
57571
31143
36603
5677
44325
44805
40534
26944
28942
35601
32419
5685
4663
50280
46896
42688
53849
4794
5866
34294
4798
5537
51036
37830
6836
4719
55058
4795
57352
44764
5933
5145
31877
48909
5253
56469
40621
26473
55239
5056
43567
48179
41857
5053
4724
33634
34685
54968
4651
6027
38418
4696
5625
5537
4822
5328
4959
