Cycles
4791
5765
6888
5654
5446
44842
45012
38781
59661
38286
4772
4840
43874
37545
32566
42651
5623
57011
17245
5541
4817
5032
4769
6283
5041
59634
34550
36081
4741
5366
4992
26415
4784
6618
4985
4786
4819
4832
5774
4812
6082
5962
5119
4774
4864
5146
5081
6005
5084
5395
6068
4817
5899
4772
4799
56910
5703
4782
4732
6035
4791
4770
5845
4821
5424
4795
4824
5369
5655
4937
4903
4864
6059
4799
5138
4756
6117
34458
42429
4801
4790
5440
57450
4791
23482
6518
5348
48362
4763
55134
50095
50103
46926
4782
4806
4889
5677
4754
56668
50717
5949
35990
4773
53509
5068
6734
35275
5410
37204
56134
4774
5223
43299
43902
5663
4773
5923
28302
5360
5155
51292
4784
46925
10448
49233
4800
4793
57871
4797
4788
56477
56453
30144
35629
4793
5741
55232
44918
31085
38841
5404
41163
4823
54738
30871
48617
37171
58512
4780
5623
4780
55175
56867
30629
44090
4782
33696
4839
57340
4845
39682
50004
5113
39397
46177
4836
5052
30901
4812
6057
54933
32141
29149
56568
4986
28389
28264
36646
5573
43300
4780
31490
33007
39541
5216
4676
52322
4773
5188
29761
32600
32076
58050
4808
4776
6543
4817
45047
42933
5217
33739
48937
29054
4795
25760
4780
37519
33968
58379
58756
26646
5858
4904
30085
49818
38995
4821
38109
4721
42006
4769
5521
55501
59150
5457
5439
5071
4789
57458
30103
5293
4789
5618
58253
5033
51961
4716
4942
5279
5117
28549
53294
58491
31082
4773
31484
38461
49780
42819
37547
33492
5482
56599
18849
4800
30538
32655
4784
4873
58272
57296
57209
33971
38938
16066
6119
4772
53352
5032
4890
55183
30864
32497
27281
28010
4812
47908
4791
29961
33414
34224
4918
39804
38491
32124
4795
4907
6650
4793
36118
48842
29130
4819
4839
31432
45965
40310
6578
49069
35215
55097
35026
30731
4860
5097
4687
4735
53278
4797
50691
37157
36825
48520
33624
52514
40911
35837
53609
53842
45602
5657
52321
34394
53404
42054
34901
48998
26827
5936
4802
50522
36878
36586
33813
55201
5936
44656
50160
5076
5985
50971
37431
34437
58119
7169
51976
32580
32171
33861
58765
28588
40370
43184
58562
43582
4701
41950
55326
4774
4690
4837
52474
6445
30288
57555
41415
4718
53253
42894
57292
49011
5572
6534
40040
4819
6195
40204
4806
5212
51166
29939
5882
5795
4719
5145
6115
5977
5516
4780
4868
4839
5587
5284
5186
4795
51460
5562
5204
18429
37930
32070
31640
51145
54799
4793
34625
4775
10115
5465
39478
5750
42442
32227
5265
39884
6186
5242
5460
4908
5708
37564
47946
59150
39842
5508
4890
54503
4814
55305
56700
48457
36800
52175
57238
49725
30082
55812
52441
46524
4904
43874
40533
39575
4772
31139
32683
5119
4938
8895
5802
4897
4772
54760
37563
50585
28648
35469
31199
5240
5907
33197
31726
51023
58552
4785
40587
4774
5015
32005
4729
4696
30333
35804
56778
5294
4659
31147
4828
4958
26887
5615
4770
32584
4776
4806
58020
31640
58119
36825
5279
59150
4817
4780
457645
57450
38286
