Cycles
17105
4693
4815
5428
23825
36806
5796
45206
31841
6020
34794
45002
4836
36972
4845
4819
55842
29274
32590
55553
5176
4806
38049
56317
44135
36555
32424
27730
6029
4806
37797
24231
30977
54829
57337
57983
57035
4782
5606
25140
58209
56853
30908
51021
47787
5690
36988
46395
5044
37394
5855
39935
50397
4830
4744
6098
46928
29950
5135
5869
31005
19105
4821
5355
4848
5369
5760
5001
45853
40850
5117
25993
4834
37089
4856
41098
4828
4771
4752
4793
6478
47526
57309
31050
58089
40554
40413
4778
51910
4801
4788
5389
5074
17129
4826
4806
4789
31475
58444
36128
5916
18258
4858
46827
5108
4873
8752
4640
48661
50872
34400
4886
58212
4927
36453
5689
5082
5054
4851
4811
5689
57860
58193
56335
29233
4836
55196
54559
56914
58086
4879
4811
4978
5043
4813
44271
4763
33186
5761
45045
48883
6227
4892
5171
5464
4793
5549
5845
6111
5476
4800
6923
52842
4803
29802
57369
6051
29818
5009
4677
5123
5409
4805
4790
5256
4798
4793
4804
38962
4661
5156
5666
4821
5312
4817
4888
4809
4791
4773
33992
42310
5563
58892
5604
28328
5521
6086
48598
5584
23944
6631
29924
5450
45614
5002
43901
4706
33771
51921
34186
37835
31256
41495
29047
18267
5104
4808
4759
4840
5043
4843
36796
8545
46576
4717
4798
4825
8581
50451
58190
29700
30573
4702
4819
31856
34249
28050
4782
29009
39575
5122
55566
5949
4730
5003
4808
5272
5446
4735
4832
5526
5347
4872
4816
6087
38096
5916
40133
36202
6104
23710
6023
5161
4983
5498
5472
25011
4792
5384
4800
6057
4859
4800
5494
4789
4804
50758
43976
5145
42457
5036
4793
41710
5380
39083
4819
34646
5446
30382
58107
48090
46956
38231
50449
6022
35908
57460
31644
29964
34827
53769
31452
42357
32836
5020
5305
5525
4801
5729
5348
4667
4998
5374
5661
4685
5261
4663
5544
4933
5575
4824
5392
30408
4780
4840
29477
4652
28890
4935
4996
4687
4675
39815
29402
39955
5383
5917
52981
54648
58441
54062
4900
5421
53188
55572
29941
53788
54006
5402
34996
52852
56626
5942
4704
5735
4674
4975
4820
4782
5396
4840
4989
4855
4788
5154
4803
5236
4802
4801
4797
5176
23935
5955
5667
24952
5580
5633
4816
4784
4832
4794
5149
4960
6350
5722
4951
5223
5415
4646
4929
4826
4862
5823
5040
5761
4758
5342
5609
5862
4792
6202
4732
4835
5612
24324
5035
5052
6199
5301
5767
4638
5988
4800
40202
5791
4763
4812
5142
56506
56821
32569
33531
13895
41140
6625
6029
25585
23972
4793
5884
4804
4953
46632
25302
57212
26088
30225
41845
11729
50539
18571
4726
46325
4996
4876
31682
32847
33543
31415
42275
37098
5560
17243
4810
4826
5160
5541
56017
56734
56857
57553
6009
4759
29395
31070
5364
42994
33622
37517
40394
28103
4814
6709
5720
33381
30925
57702
55504
59543
46101
52726
29673
46325
29924
48598
4851
4752
37797
5796
