Cycles
5676
4765
5258
4916
5387
4804
4888
5432
5624
5277
5862
5814
4830
4791
5579
6686
4645
4785
4767
4838
4774
4743
5270
4888
4751
5648
5515
4871
4787
5063
4795
5071
4797
5852
5271
4991
5151
5372
5184
5089
5506
5238
5602
4725
5279
6475
4703
5670
5745
4782
4795
4737
4867
6992
5942
4858
4813
4807
4760
4795
4800
4657
5143
4758
4960
4934
5684
4995
4689
5786
5521
5736
4875
4867
4685
5538
4793
5467
5067
5975
5490
4821
5401
6097
4791
4905
4871
4983
4782
5503
4668
5251
4648
5053
4872
4959
5844
4772
5085
4966
5439
5210
4845
4702
4931
5639
5633
4905
5638
4737
5557
4830
5624
5640
5551
6132
4716
4774
4678
5890
4637
4761
5260
4806
4750
4757
4812
5026
5256
5713
4797
6164
5888
4782
4674
5536
4923
4912
4882
4778
5350
6024
5539
5223
4709
5076
6322
5245
4724
5309
4996
4789
5229
4884
4768
5025
5707
4787
5834
4856
4789
5227
5228
4782
5327
5379
5488
5469
4886
4778
5022
4691
4732
4856
4892
5188
5675
4821
6046
5896
6072
5508
5599
4778
5553
4851
5590
4877
5165
4841
4649
4862
5657
4810
4826
4822
5888
4787
5396
4646
6020
4815
5032
5816
5299
4833
4651
4655
4931
6247
4791
4847
5475
4907
5058
4778
5176
5484
4920
4770
5997
5327
4760
5638
4806
5644
5570
4977
4821
5745
4814
4871
4981
4758
4799
5262
8685
4827
4821
4802
5817
4679
4698
4819
5359
4925
6003
4763
4860
6199
6430
5013
5337
5942
5488
4802
4791
4959
4778
4780
5721
4780
5844
4802
4791
5428
4760
5487
4860
4885
4782
5694
5452
4814
4801
6132
5842
4825
4931
4793
4801
5122
5679
6105
5350
4929
5865
4791
5275
4912
5020
4840
4803
5255
4780
4791
4871
5451
4780
4834
5976
5844
5637
5068
4826
6326
5843
5484
5976
4748
4775
4957
4806
6173
6455
4814
5293
4737
4688
5357
4795
5847
4797
4884
4706
4806
4793
4789
5444
5683
5754
4801
5029
5434
5830
5022
5806
4819
6009
6091
4754
5717
5025
5065
4769
5121
5586
4802
4792
4815
4707
6024
4797
5716
4964
4793
4793
5824
4769
5398
5546
5270
4914
4750
4745
5000
5071
4789
4906
5490
4776
4977
4789
5040
6108
4820
5815
4808
4726
4812
5391
4811
5930
6037
5463
4774
4793
5949
4659
5198
6076
5908
4739
4812
4766
4825
6022
4797
5046
5517
4810
5796
4866
5433
4812
5262
5653
5353
5402
4976
4793
5305
6027
5514
5732
6130
4800
4771
4882
4795
4767
5957
5946
4934
5512
5277
4830
6166
4838
4763
5463
5497
4864
5749
4981
4809
5465
4834
5629
5004
5867
4940
4860
5666
5337
5953
4791
5354
4625
5078
4757
5703
4769
5497
4964
5842
4959
5570
4806
4920
5590
5599
4737
5975
4807
4782
