Cycles
70353
4806
4793
5843
5830
4760
5513
4821
6206
5350
4912
4959
4831
5536
5553
4804
4797
5826
5355
4816
4953
4781
4787
4882
4776
4923
4843
4802
4769
4899
4764
4976
4977
5048
4782
5644
4853
29659
4767
5095
4772
4703
6160
4802
4795
5920
4739
5607
5186
4798
4689
5394
4668
5328
4836
4827
4739
4860
5404
4735
5635
6052
4860
4884
5445
4802
5169
4743
5005
5873
29512
6436
6534
4758
4810
6072
4903
5515
4791
4739
5104
4767
5769
4737
5875
4799
17608
5026
4807
4745
6478
4773
4918
4767
5216
7679
4761
4762
5223
4775
4851
5240
5370
6074
4776
5888
4757
4754
5819
5518
5849
4776
5292
5264
5739
5579
4882
4771
6213
4771
4841
6029
5510
5741
4763
4888
4728
4765
5497
4888
4793
5927
24682
28040
4794
5152
4893
5221
4946
5053
4749
6092
4787
4828
5048
5372
4812
5592
5307
4819
5238
5268
4939
5477
5123
5635
5286
4793
4762
4813
4770
4691
5648
4767
5704
4800
5286
4694
4718
5199
4694
4734
5292
4944
4785
4949
5145
4929
5073
5573
5201
4761
4721
5665
4711
5633
4863
4726
4888
8383
5783
6170
5588
4793
5179
5135
6746
4720
5358
4810
7651
4791
4814
4920
5654
4749
29296
4940
5534
5454
6007
6013
4701
6026
5940
4687
4774
4663
5402
6173
5273
4957
4672
4836
6120
4800
5689
4805
5400
6649
5940
6716
6042
5193
5022
6214
5797
5901
4782
5061
4760
4771
5588
4854
4894
4828
5316
6027
4823
4698
5087
4862
5942
5577
5632
5785
5756
4793
4772
4776
4804
6154
5795
5027
4763
4893
4875
5577
4804
5350
7206
5743
5225
6614
5530
4929
4853
4672
5530
4806
5422
4773
7484
4783
4948
4812
4789
5024
6264
4772
5674
4773
4765
4834
4776
4780
4806
5023
6059
4962
4986
5373
4898
4785
36452
6832
5570
4787
4851
5113
4797
4819
5644
4756
5456
4804
5482
5095
5881
5234
4808
5193
4906
5076
6540
4775
5698
4806
5659
4710
5184
4769
4778
4765
4795
4883
4791
4825
5686
4793
4780
5841
4785
5110
4782
4781
4765
4799
4825
4882
4819
4765
4747
5579
4781
5525
4987
6506
4808
4819
4802
29782
5315
5933
4940
4672
5964
5914
6823
5720
4784
5525
5104
5471
4775
5711
4981
4772
5056
4804
5032
11003
5344
4847
4769
6204
5826
5425
5326
4858
4790
4936
5857
5381
4771
5785
4799
5158
4765
6245
4794
4937
5608
5357
4918
4850
5028
5035
5897
4765
4878
4783
4754
5365
5849
6202
5517
5931
4934
4778
4805
6042
28777
5799
4802
6011
5122
4882
5936
5242
5409
5593
4809
4817
4810
4775
6533
5141
4821
5065
4765
4767
6102
6532
4668
5089
4932
6104
6099
5741
5855
5451
5571
8011
6866
4744
4846
5573
5024
4834
6161
4796
5532
4774
4827
4810
4781
4773
4791
5635
5361
4765
4780
4877
6351
4942
5869
4806
5398
5013
5500
4789
4809
5305
4735
5011
4792
5704
4816
5554
4796
4661
7156
4803
6095
6193
4768
5130
4668
4710
