Cycles
5907
4696
5326
5077
5279
5080
24049
4707
4652
5521
5830
4724
4928
6102
4771
5184
6175
5173
5828
5620
5518
4807
6812
4735
5562
5031
9570
4862
4810
4780
4839
5102
6335
5447
5070
4820
5109
5478
4795
4720
4826
6558
4812
5899
5607
4890
5283
4737
4775
4968
4804
4769
6499
4795
4789
5283
24313
4782
4797
35761
4776
4761
4767
4790
4780
5958
4845
4882
5389
5104
4770
4823
23972
4795
5950
4715
4715
4776
4678
4793
5521
4793
5182
5299
4987
4729
23428
5877
4796
5651
4810
4824
5921
4818
23984
5469
5275
5143
4790
14463
4756
5292
5914
24073
6819
5469
4786
5102
5446
4804
4794
5428
6002
4756
4817
4784
5669
5789
5746
5890
4992
5607
4773
5436
5625
4774
4791
4691
4655
4772
4749
4847
4803
4813
5258
4773
4653
5925
4809
5975
6054
5910
5337
4768
5507
4886
6180
4978
5990
4775
5450
5865
4795
5512
5811
4780
5678
5489
4780
4830
4804
5824
5659
4775
4778
4813
5024
4965
4773
5207
4784
5641
6707
5273
4918
4813
4821
4724
4651
4968
6016
5955
18857
12832
23983
4976
5996
5834
4754
5199
6070
4784
18301
5204
6386
4867
5093
6007
4795
4941
4868
4789
5910
4989
4797
5568
37663
5024
4815
4931
4799
4787
4726
5022
6897
4934
23995
4797
5281
4806
5335
5673
4903
24943
5758
5500
5284
4819
4787
5620
4828
4944
4938
4817
5441
5046
4947
4812
5098
5847
4803
4996
4666
5296
4767
4801
5446
23730
4940
4763
4693
5855
4743
5875
4787
4865
5910
5651
5877
4756
4668
4821
4834
4709
5318
4616
4765
5717
5603
5028
4652
4782
5870
4778
4782
4813
6795
5903
4839
5603
6258
4788
5413
4771
4905
4926
6184
5594
4752
4894
4777
4780
4912
4778
4771
5948
4778
4763
4864
4814
4713
4791
6154
5541
5000
4724
5830
4783
5603
4823
4685
5874
4949
4801
4815
4853
4791
4960
6865
5542
5355
4916
5097
4793
5949
4830
4771
4761
4760
4912
5335
4800
5696
4917
4776
5681
4657
4854
5484
4802
4813
5379
5838
4765
5103
5584
4774
5171
4765
5009
4795
4781
4966
5043
4766
4776
5747
5404
4940
4793
4871
4757
5776
5840
4763
5561
4796
5726
6016
4786
6083
4979
4789
4795
4838
4798
5584
4797
5210
6066
6299
5126
5785
9956
4784
4810
4743
4989
5105
5704
5160
4877
4862
5273
4795
23961
6076
4763
4832
4739
5857
4789
4681
25330
4959
5283
4797
4750
5564
6126
4789
4805
4668
4742
4826
5903
5353
4921
4810
5359
5225
4635
5314
5292
4801
5191
4890
4817
23743
4899
4842
4914
4771
5631
4780
4772
4756
4868
4798
6093
5651
4722
24840
5491
4836
6409
4866
5825
4871
4806
5759
4786
5751
4811
5875
5913
4818
4802
5155
4752
4783
4778
5418
4782
6067
4779
5141
5167
4894
4774
4800
4773
5558
27504
4810
5504
6987
4838
4985
4737
5614
5160
4879
6463
5236
5061
5234
4931
5641
5340
4787
5634
4717
4832
4758
4826
5514
5074
4813
5031
