Cycles
46904
30901
53790
33294
4953
18615
4765
5225
4942
4734
4734
4797
5491
29208
5484
5161
4951
5463
5202
45528
5888
33057
4700
25589
4804
4871
45209
37407
4981
5785
34413
4706
4977
4763
4776
5847
48663
4850
55881
4763
32456
5085
5936
4765
4804
4802
50239
30609
34424
6071
4825
33725
5273
52153
4813
4919
4793
4726
5223
4782
4750
32402
5342
4781
30934
5389
5620
5695
4810
5376
7268
4792
5998
57128
43274
31182
12150
4750
4754
5199
5245
6780
4782
25082
5543
4759
41513
5070
5556
42513
5601
5933
4793
4839
33443
30592
4994
5147
41155
4812
4803
5065
41529
23449
5205
5841
4806
5907
33273
32453
4765
4797
54559
29960
54516
4732
4760
51523
4778
4754
56995
4780
39526
45421
30050
17230
4702
5189
6802
33537
40671
32640
44371
5696
54365
49437
41351
52454
55622
25745
5862
5018
5125
39817
5504
5778
30242
29987
55584
55103
5430
4706
86893
38209
37349
47007
4973
5676
5670
5366
40736
16457
5085
4732
4763
6087
4726
4717
4739
5317
4860
5288
5655
5737
4882
5987
4749
6055
5925
4804
4808
5049
4771
4750
5344
4907
4795
4765
9970
5322
5087
4878
5251
4722
34195
4764
4737
4743
4752
7176
5345
5212
4719
55320
4758
4793
4744
5845
5676
5806
4817
4719
4756
4716
5439
5849
5350
4992
4756
4785
5511
4691
4752
5012
4959
4983
5288
4752
4767
4766
5540
5845
32104
4871
7569
41598
56327
29844
55426
5506
52315
18075
4800
4729
4819
37774
33888
32912
49160
4823
43897
25110
34601
4826
46559
14986
6033
6117
4749
5592
24313
4995
4879
4846
5219
4812
6171
7186
4752
8553
4961
5636
5175
4855
4979
4799
5283
5331
5594
4935
5623
4782
5033
6156
5771
5801
4818
6073
5547
6785
4992
4899
4934
4756
4745
4911
16608
5037
5471
5625
4771
4850
4732
5359
5487
4769
4752
6044
4986
4760
4828
6135
5767
4752
37050
4788
5391
5180
5264
4955
11236
5912
5108
5739
4718
42243
30944
4776
5360
5262
5753
4905
4789
4959
5050
4789
5276
5247
6977
4888
5536
5196
4767
4825
5048
5575
4692
4781
4745
4793
5787
5126
5277
30907
5184
40610
56970
37746
4712
50032
4756
20280
5136
5632
5578
4782
37240
4914
36200
5251
4767
5875
4750
57102
5147
51763
5011
4731
4944
23848
5774
4793
4744
5681
5309
4869
4752
5040
14316
5678
5045
4787
4739
5975
4808
4940
6102
5707
5878
5583
5311
5702
5318
4817
4759
5277
4731
4882
4804
5303
25125
4696
4754
5346
4730
5073
5815
4955
4955
5616
4869
4744
4962
4761
5210
4761
30322
5649
4974
4688
5754
4974
5358
5786
4767
5305
4761
4827
6233
4813
4817
5493
4782
34058
4770
4771
5654
4752
4864
5329
5953
5736
4834
5283
5147
4821
5132
5125
5977
4972
4786
4947
4772
4763
4764
5741
4955
4738
4912
5325
5273
4762
5570
5297
5074
4791
5410
4771
5866
4778
5815
9970
5998
