Cycles
7145
4890
5370
4806
5577
5143
4823
4838
5080
6067
4783
4795
5343
4854
4778
4787
5493
4862
4724
5983
4726
4782
5690
4896
5594
5682
4877
5592
5164
4723
4864
5099
5899
20446
5456
4791
4857
4791
6151
4804
6092
4824
4852
4966
4832
5283
4795
6891
4785
4830
5955
4946
4822
5819
4802
6156
4685
5681
6061
4669
4780
5696
4897
5048
4642
4902
5973
4861
4767
4791
5837
4817
4951
5079
5426
4750
5285
5705
4663
4803
4905
4796
4860
6307
5346
4789
4808
4806
4810
5698
5330
4798
4761
5193
5613
4797
5249
4813
5086
5800
4934
4792
5493
5840
4797
5811
4968
4789
4828
4824
5236
4724
4671
5703
5128
5983
5091
4901
4868
4878
6316
4806
4979
4938
5113
5645
4834
5145
7094
4880
4887
4810
4933
4815
4873
4806
4662
4735
4668
5649
6024
4648
4936
5619
5287
5031
4935
4828
5876
5838
5806
5486
5059
5958
5616
5536
4823
5314
4983
5383
5431
5015
5233
6654
6376
5785
4989
5046
5677
4940
5996
12790
4917
4808
5798
4811
5640
5595
4804
5059
4765
4815
5446
4993
4867
5139
4763
4780
5247
4770
4795
4974
5292
5089
4809
5456
5290
5912
4816
5424
17625
6010
4964
5063
4968
4796
4801
4862
4821
4824
4825
6074
17745
5782
4753
4801
5404
4830
4832
5422
5582
5654
4785
5108
4955
5035
4811
4782
4826
4867
5053
4822
5000
4642
5575
4909
4784
4834
5413
4985
5237
5982
4769
4782
4817
6151
4813
6193
4817
5309
5097
5958
5625
4950
4894
4949
6014
4793
4934
4821
4794
6380
5532
4778
5020
5693
4775
6320
4808
4688
5601
4802
4655
4806
4752
5796
4879
5252
5947
5398
4966
6015
4811
5595
5549
5898
4847
4813
4793
4816
4970
4754
5066
5119
5599
5091
4894
4955
5478
5683
5448
5497
5461
4899
4832
6152
4633
6148
5473
5948
4751
5246
5839
5212
5588
4821
4996
5636
6443
4817
4776
6035
4959
5819
5506
5254
5063
5219
4789
4791
5059
5002
4778
4784
4942
5035
6014
4795
4784
4792
4789
5947
4972
4849
5076
4677
4810
5158
6057
4767
4897
5860
4966
5320
4862
4819
5735
4793
4800
5196
4784
4792
6703
4800
5124
23402
9837
4803
4789
6117
4892
26656
6007
4847
4812
4822
5108
4810
5671
4966
5048
5067
5711
5147
6132
6029
5506
4869
4823
5635
5964
5392
5921
4797
4821
6074
4832
4791
4830
4950
4916
5003
5270
4773
4785
4894
5068
4771
4802
6922
4793
6135
6059
4788
4653
4802
6268
4838
4802
4837
4784
4822
5125
4797
5090
4694
5944
6243
4713
5938
5981
6063
4847
5028
5485
4726
4781
5776
4817
4914
4772
4795
4809
5535
5296
5588
5681
4884
5700
5614
4769
4797
4806
4946
5255
5428
4931
4713
6117
4914
9156
4801
5670
4845
5806
5388
4849
4828
6085
5329
5182
5876
