Cycles
5912
5392
4772
5512
4813
5912
4787
6288
4757
5144
5299
5577
5517
4828
5203
4683
5331
6513
4743
4761
5318
4845
5454
4730
5724
4767
5320
5627
4953
5584
17185
4807
5186
23152
4806
4771
24793
4886
4878
5388
5895
4769
4878
4813
5459
5055
4947
4778
5620
5048
5509
5357
4784
5768
4946
4763
6610
4761
6379
5380
7047
4922
4867
4970
4841
4776
5168
4877
4797
4860
4808
5556
4746
4778
23999
6041
5184
4930
4819
5581
4745
4778
5726
6635
4788
4717
5890
6065
5426
4775
4869
5119
5613
4750
5931
21581
4752
5832
5947
4791
4755
5015
5042
6104
5904
4763
5383
4957
4717
5020
5228
5067
5571
4774
5917
4942
5495
5413
6699
5482
4791
5724
5307
4885
5955
4752
4802
4811
4763
5428
4782
4791
5618
6039
5495
5655
4970
6087
4900
4717
6327
4788
9983
10764
4746
5248
5715
6050
5329
5621
4759
4781
4980
4770
4795
5309
4959
4793
4841
5400
5344
4739
5750
4865
4793
5869
5793
24008
5204
4748
5093
6141
4896
4826
4690
4792
5216
4743
5018
4784
4758
5283
4957
4750
5301
4748
4775
4765
4780
5618
4748
5787
4759
4951
4749
4799
6003
4811
6110
4767
4762
5313
4711
5953
4813
5083
5287
5275
4866
5445
4769
6145
5901
4771
5043
4750
6031
4758
24022
22441
6039
4783
4932
5397
4780
4943
4735
4808
4851
5210
4748
4743
23755
4787
5110
4737
4810
5551
5873
6940
5438
4736
5189
4773
4780
5275
4799
4772
5328
5484
4758
5873
5218
5106
6082
4724
4863
4806
5635
5581
5055
4780
5137
5501
5238
5011
5118
4730
4786
4836
5659
4743
4749
5400
4750
4921
4733
5074
4778
5410
4758
28678
5849
5756
4944
4763
4944
4748
4877
5046
4733
5562
4817
5152
6011
4780
4771
4828
5448
4771
4941
4777
5058
4782
4752
4804
4765
4767
4735
5811
4797
4770
4726
4795
5746
4683
5645
5365
5441
4769
4793
4847
4981
5037
5320
4821
23894
4748
5787
4717
5694
4772
6121
4929
5698
4936
6710
6009
4748
6048
4754
4758
4732
5951
5262
4806
5534
5124
4748
4804
4915
4715
4711
4769
5392
4814
4852
5654
4866
4759
5614
5841
5143
4793
5443
4734
4782
5547
4755
23683
5810
4769
5536
4830
4729
6089
4802
5115
4838
4778
5838
5488
6004
4765
4996
5151
4779
4968
4877
4858
6146
5054
5882
5078
5279
4950
4728
4862
5729
5000
4728
4864
5508
5499
5432
4808
4991
4810
4726
4938
4769
4858
4790
4782
23984
4994
5126
4785
4775
4726
4768
5864
4782
4775
4752
23741
5182
4761
5080
4957
4814
31428
32432
30735
5191
5642
4810
5852
5504
4754
5030
4761
6167
5219
5009
4986
4788
5076
4758
30752
31742
6108
4959
4763
30289
4760
5601
4796
6502
4765
4768
5849
4760
4763
4959
6108
4758
4986
6167
4754
5852
4810
31428
4814
4761
5182
4775
49372
