Cycles
4812
49132
42066
47254
37001
5834
5372
56068
46180
5944
5629
25218
41496
37191
5876
6043
38700
25948
6004
4642
57048
54203
5005
31639
30097
4955
51270
4681
4724
5925
4799
5229
5493
4806
4642
4807
5075
4824
5005
4707
6169
5665
5251
4864
4789
33685
4901
5601
5331
5323
28288
5843
5256
4795
29087
4657
5731
5157
4811
4783
53120
4929
4804
55270
58141
6033
55598
5530
56879
36092
5540
4785
46376
28406
4646
5117
53933
28830
58061
30803
10368
36046
4785
4800
40144
35000
4775
37398
4817
40077
39157
4826
28853
48978
5629
18192
5694
5331
58292
5571
52383
58199
56544
56774
42021
5142
38161
29847
30415
4674
41303
4850
41225
28022
5750
56415
55689
4855
4785
51395
56872
30000
58732
5269
54897
52915
10221
4808
4808
5203
50104
25576
5797
5735
58009
5693
4956
28945
55659
29461
31735
57015
5795
28210
40388
35439
52158
46237
38705
5925
47736
5037
37938
57704
4787
4771
50185
30369
34186
32658
6042
5007
44707
5996
5519
5715
4838
5061
4811
56322
32296
29542
6070
4828
55009
43108
50587
58582
4834
4841
44536
44634
37912
33784
59534
4801
4758
39005
5447
4821
4802
6394
4801
5368
4834
22067
4824
57285
56622
57979
24953
4821
4795
5810
4801
53688
23520
4640
5031
5236
10437
15125
4863
5465
32765
4696
5742
4853
5207
53740
4826
4800
5581
4651
45084
5681
5130
5365
5355
4826
4838
5369
40047
55349
33149
4796
4868
5160
4821
6018
6080
53992
6480
5309
43970
5164
4734
4678
5525
4938
4739
46406
57014
29359
57236
29294
5249
4932
4643
4713
35551
48521
37379
36011
26310
58262
33681
31212
56194
28800
37821
4659
5016
4806
5426
6208
34182
47696
4914
4947
25217
4843
50108
29222
57942
29265
29076
4813
5087
5383
5540
5009
54545
4888
5102
4828
49688
5400
5023
28974
31935
30906
31046
4870
28093
5141
32635
31214
30348
58201
30499
4746
56283
57473
45234
4716
37180
37415
5031
4772
53864
32393
31059
29744
5768
4806
53870
57994
4791
42361
54000
42625
56367
50382
48888
45453
5035
31091
45647
4819
4683
58860
32919
4758
54611
30784
39683
48922
56093
4827
37714
43446
37983
38565
4825
4903
34990
4806
6195
56733
57993
6001
57165
35156
47315
4774
16003
4795
4813
5628
4932
51769
4784
4972
4815
4812
6033
31136
59069
43235
23740
55538
41236
23920
4966
31646
4772
4991
29393
57300
58061
4814
14228
5396
45984
5166
24544
46846
4967
4992
4804
51997
30793
56862
26213
52698
38014
29733
4855
35744
56884
4789
46845
37679
31709
20391
4877
5788
31582
24859
31380
56079
6854
4828
4793
51391
4713
42470
44628
4797
5510
28430
4845
4804
5579
39573
5884
5646
37329
29836
52172
37394
5717
58529
25535
35636
31292
42297
37634
28907
25966
4661
30672
56950
54756
33422
4847
44334
31675
4661
36750
5772
48233
5976
37081
22257
4808
4771
31095
53454
42591
29924
32109
33350
48349
5795
53069
5667
35962
34827
44174
37396
29589
25706
31092
31864
5631
53069
45647
48888
37415
30499
25217
6208
37821
57704
55689
29847
478029
28406
