Cycles
6004
5154
37542
4836
5294
40060
4788
4806
5629
41042
49978
5306
56527
6329
37750
5402
35067
39409
5598
5091
4806
4810
4808
4709
5830
58074
58563
5555
5039
5108
5701
4901
4988
4733
4912
5307
5545
4970
5590
49343
4785
47053
5353
42196
42101
5925
5173
5055
6161
5376
37633
59099
4799
52736
29689
33147
4726
30013
40526
24654
5255
32798
4923
5508
58715
32945
34472
57454
44738
5266
30157
5547
5739
47981
5424
33759
15539
5087
55699
4773
4755
4816
54578
30149
56631
13938
5299
5106
5468
57899
4791
27052
6140
5661
4987
5536
51661
33003
58731
30633
5825
5376
5971
4953
5590
39904
44998
32264
4715
34007
37936
5409
56993
5491
5040
33060
35726
31175
31009
58826
5004
5389
5728
33562
4843
4698
4812
27840
4901
5791
5722
4825
56037
37118
5480
4941
5629
4934
5113
44854
48492
36482
30688
4797
5490
53007
31150
31474
53810
5029
30955
5813
26913
4871
40800
40491
35659
5735
46745
4840
4800
5597
5572
24096
4978
5554
47727
55535
30837
56936
58184
5808
36262
42049
41543
31924
4829
48492
24024
42792
25781
4850
39696
32853
57220
50536
38142
4804
4832
50776
43617
17421
37457
32612
4866
4813
33848
31856
58091
31482
5214
47699
29265
5836
5124
5988
4786
54601
5169
5063
5155
5637
4806
28436
39575
37614
59102
444211
5495
56085
42495
59007
4794
44533
41379
4826
5147
5597
5692
60059
58752
31087
32769
5167
52113
57490
45601
4804
5637
53124
36439
4811
28609
5104
4804
4791
4922
5627
4774
8201
5011
4883
4824
4899
4863
4830
5437
5190
5765
6043
4821
4834
4793
4849
4838
4826
440422
6104
9415
4740
4802
4798
5880
4845
4821
5006
5016
5981
5686
4843
4806
6840
4778
4992
4791
4815
4815
5899
4825
28167
5615
4933
5359
5402
4773
5886
4917
5283
24086
5529
12938
5754
5022
5737
5139
5011
5776
4801
6557
4802
4901
5746
5253
6143
4808
5715
5741
4746
5001
4814
5257
4957
4716
57327
26309
41973
5964
56668
4806
40588
4811
5677
41668
48269
23883
4789
5057
4835
4847
4830
5270
6048
5787
49868
33805
5701
24217
54892
4819
32827
40973
4832
60080
4831
4813
36539
46256
38569
57848
4824
41332
57104
57020
4798
8511
28819
5218
34620
5290
48430
48011
57994
48887
6502
46071
4851
4819
5147
5621
4789
6125
4914
31208
4882
4832
5192
5791
5270
4996
47567
37666
30906
5847
4851
53423
33491
29393
58132
4857
35757
44202
5577
37279
445617
31127
47723
42753
4866
4795
4806
6041
5126
4819
49157
29972
30618
5529
4858
4812
30471
45626
5914
469899
4901
4834
57390
33472
32720
36733
5365
4821
29357
10524
56730
17870
39528
56680
48814
37586
58764
5279
4843
54266
56690
33638
30661
42137
55765
5283
5045
57326
30731
4817
5050
47928
46626
26039
4881
4789
23825
4899
28299
48799
57461
32735
25106
5380
5050
55912
5482
5733
5159
4994
4864
55885
37667
40790
44573
4824
57232
4890
5737
5662
56806
5880
