Cycles
39150
4870
4788
28755
4791
4774
4984
6026
4849
5832
4877
4950
5532
4791
4790
4981
5230
5337
4750
4807
5930
4754
4730
4782
5065
4923
4793
4931
5136
5534
4790
4868
4797
4841
4758
5592
5474
4815
4825
29041
4882
6112
5176
4780
4781
4795
6051
5702
28937
4798
4779
6018
6165
4803
5145
5633
28987
4747
4738
29446
4705
5141
5329
4963
4877
4754
5055
4854
5359
5381
4745
4747
5280
4818
4797
4760
4726
5903
4806
5158
7046
6219
4757
4985
4959
6063
5287
4955
4752
4808
4793
5996
6268
5927
5211
5512
4979
5772
4875
4808
4780
4804
4798
4702
4778
4920
5259
4767
4801
4775
4929
5809
4998
5946
5828
5448
5935
5875
5705
5858
4798
4770
5934
23965
7919
4928
4945
4774
5412
4858
4720
5795
5568
5201
4789
4746
4964
5867
32573
5505
5109
4798
4776
4806
5549
6344
4789
5879
5674
4808
5690
4761
4776
5808
4752
6275
5150
6327
4767
4758
4828
4808
5681
4815
4756
4828
6651
4964
5707
4806
4780
4769
4808
4765
4774
4795
4925
4791
5797
5245
5732
5163
4849
7189
5620
4937
4794
4869
4869
5403
5286
5664
4694
4750
5374
4752
4821
4748
6098
5425
4914
4782
4827
4785
4735
4785
4867
4760
28356
5959
4748
6637
5937
5312
5374
5114
5130
4778
4743
4778
5674
5421
4789
5879
4759
5014
28775
6035
6313
5724
5313
4686
6111
5311
4834
4793
4789
4780
4860
4931
4765
4799
4804
4834
4819
5005
4789
4886
4818
4966
4791
5408
5061
5465
4715
4758
4776
6720
6836
4890
5022
4847
5350
6141
5126
5745
5011
5698
5050
5892
4773
4688
5035
5787
4763
4795
4738
4808
5553
4804
6006
4769
5292
5265
5789
4868
4823
4847
4786
5285
4780
5538
4977
5055
5345
4741
4787
4767
4783
4776
4865
4817
4752
4760
4772
7835
5290
5445
4765
4806
4786
5851
6638
4797
4810
4742
4707
6016
6305
4848
4788
4804
5895
5940
5301
4847
6869
5534
4991
5692
5516
4765
4786
5618
4804
4784
4728
4763
4795
4730
5020
6495
5106
5312
5891
4791
4834
5445
5471
4757
4776
4837
4806
16152
4733
4946
4788
4871
5951
4895
5683
5205
4983
5908
4774
4738
4669
4904
5308
5086
5247
6421
4927
5471
4843
4761
4696
6025
4912
5853
4759
6354
4773
4731
5612
5107
4995
4812
4770
5762
5678
5286
4918
5426
6046
4780
5307
4774
4981
4744
4774
4782
5963
5165
4769
4773
4942
5975
6622
4767
4773
4811
5620
4722
4950
5294
4829
4823
4749
6836
4726
5083
4893
4852
4908
5208
5899
5164
4901
5306
4715
6940
5558
4792
5467
4804
4905
4871
5340
5558
5300
5141
4801
4854
4785
4825
4793
6604
5335
4816
4748
5670
5268
4787
4752
4726
5858
5690
4964
5523
5036
5256
5344
4953
4799
4800
5640
4815
9331
5843
5037
4761
5918
5845
4676
4795
5980
4815
5381
6480
5063
5536
5832
5629
5786
4797
4815
4787
4774
5963
4792
5870
5714
5572
5048
6000
4716
5773
4831
6327
