Time
962
333
333
333
370
259
259
296
296
370
333
333
407
407
407
407
444
407
407
407
407
333
259
296
259
259
296
296
259
296
259
296
296
259
407
259
259
259
296
296
296
296
259
259
296
333
296
296
296
407
296
259
259
259
296
296
296
296
296
370
259
296
296
407
259
296
259
259
296
259
296
296
296
259
259
296
296
296
407
296
296
296
259
259
296
259
259
296
259
296
296
259
296
296
296
259
296
296
259
296
296
296
296
296
407
296
296
296
259
296
296
296
259
259
259
259
259
296
2960
296
259
296
259
296
296
259
259
296
296
296
296
259
333
407
296
296
296
296
296
259
296
296
259
259
259
296
296
3737
333
259
259
296
259
259
259
259
259
296
296
296
296
296
444
296
259
259
296
296
407
296
296
296
296
296
296
259
4884
333
259
370
296
259
296
296
296
259
259
259
333
296
7215
333
296
259
296
259
259
296
296
259
296
296
296
259
259
407
259
296
259
296
296
296
296
296
259
296
296
259
259
3367
333
259
259
259
296
296
259
259
259
296
259
259
259
296
296
407
296
259
259
259
259
259
296
296
296
259
296
259
296
259
407
296
259
259
259
259
259
259
259
259
259
296
296
259
296
259
296
259
259
259
296
259
259
296
296
259
296
296
444
259
296
296
296
296
296
296
296
333
296
296
296
259
296
407
259
296
296
259
296
296
259
296
296
259
296
259
296
296
259
3737
333
296
259
296
259
259
296
259
259
296
296
296
296
2368
333
296
296
296
259
296
296
296
259
296
296
259
259
259
407
296
296
296
259
296
296
259
259
259
296
259
259
296
4440
333
259
296
296
259
296
296
259
296
296
259
296
296
296
296
444
296
259
296
296
259
259
259
259
296
296
296
296
259
2960
296
259
259
259
259
296
296
296
296
296
259
259
259
296
407
259
296
296
259
296
296
296
259
259
296
296
259
296
259
444
259
296
296
296
296
296
296
296
296
296
296
296
296
296
259
444
296
259
296
259
259
259
259
259
259
333
259
259
333
296
1628
333
259
296
296
259
333
259
259
296
296
296
333
296
296
4810
333
259
259
296
259
259
296
296
296
296
259
259
259
259
444
296
296
259
259
259
259
259
296
296
259
296
296
296
1628
333
296
296
259
259
259
296
259
296
296
259
296
296
4810
407
296
296
259
296
296
259
259
259
296
259
296
296
296
444
296
259
259
259
259
259
296
296
259
296
259
296
259
407
259
296
259
259
296
296
296
296
259
259
296
259
259
296
259
259
259
259
296
259
259
296
296
444
259
259
259
296
259
259
259
296
259
259
259
296
259
1665
296
296
259
259
296
259
296
259
259
259
259
296
259
2960
407
259
296
259
296
259
259
296
259
259
296
259
259
296
407
259
296
259
296
259
296
296
296
259
296
296
259
259
296
407
296
296
296
259
296
296
296
296
296
259
259
296
296
407
296
259
259
296
296
296
296
296
259
296
259
259
296
296
444
259
296
259
296
296
259
259
296
296
259
296
296
259
407
296
296
259
296
296
259
259
259
259
296
296
296
296
259
444
296
296
296
296
259
296
296
296
259
259
259
296
296
444
259
259
296
259
296
259
296
296
296
296
259
259
296
3774
370
296
296
296
259
296
296
333
259
296
370
296
259
4144
370
259
259
259
296
296
333
259
296
296
259
259
259
259
1665
333
296
259
259
296
296
296
259
296
259
259
259
296
296
407
296
296
259
259
259
296
296
296
259
296
296
296
296
1628
296
296
296
259
296
296
259
296
296
259
296
259
259
296
4847
333
296
296
259
259
259
296
296
296
296
259
259
259
259
1628
333
259
296
296
296
259
296
296
296
296
259
296
296
296
407
259
296
296
259
296
296
296
259
259
296
259
259
296
296
444
259
296
259
296
296
296
296
296
296
296
259
259
259
1554
407
259
296
259
296
296
296
296
259
259
259
259
296
259
6216
296
296
259
296
296
259
296
259
259
296
296
296
259
3885
370
259
259
259
296
296
296
259
259
296
296
296
296
259
407
296
296
259
259
259
296
259
259
259
296
296
259
296
259
259
259
259
259
296
259
259
296
296
296
296
296
296
259
4403
296
296
296
259
296
296
296
296
296
296
259
296
296
259
4366
296
296
296
259
296
296
259
259
259
259
259
259
259
259
296
259
259
259
296
296
259
296
296
259
296
296
4662
333
296
259
296
259
259
296
259
259
333
296
259
259
259
259
259
259
259
259
296
259
296
296
259
259
259
296
259
259
296
1628
333
296
259
296
296
296
259
259
296
259
259
296
296
259
444
296
259
259
296
296
259
333
296
