Time
5143
7067
6216
15799
5069
7844
8806
11803
5883
5809
12876
3848
13764
3922
6512
4625
4144
6697
5513
6549
5254
4255
10138
3774
5957
6956
4995
6475
6475
3589
6327
12802
9361
8769
4736
7548
3478
6586
5032
3515
6771
3552
4329
6586
3922
3589
5513
5809
4366
9546
3663
5994
4625
6475
4921
7104
7215
3700
6808
5217
5513
6253
5069
6586
4255
6401
4551
4662
5698
3700
6364
5365
9139
3367
6623
3256
7622
10915
5920
4033
5476
5624
4366
6327
4218
6771
5143
12913
6512
11766
6105
4292
6512
9324
3589
7622
3367
7992
5550
3552
7326
4107
6734
4477
4588
6586
4514
8251
4995
11396
5032
6623
4033
3811
13912
3700
7252
3330
4921
6142
3922
3663
7881
10878
7474
7548
5328
7289
4218
5032
12728
5180
11544
5661
3589
7178
3256
5106
3737
7141
7104
5328
5846
8473
4255
5106
3737
10286
7141
3996
7067
3552
4958
5143
5402
6845
8325
3367
5587
7067
5698
3404
5328
5069
4958
3959
14652
3441
6253
4440
7511
3737
5476
3182
10656
3552
9509
5069
7659
7104
3848
5624
6845
3848
13801
3996
7178
4921
5254
9842
3404
9731
4662
3256
6771
5624
4477
3515
3367
7770
3552
7104
6919
5698
7363
3959
6142
4033
3996
5587
5513
6586
5698
8917
7585
3034
12728
4921
13875
5106
7104
3922
6845
3811
3589
6475
3626
7696
3663
5883
4181
3663
12025
3737
6697
4662
6290
4292
8399
3589
3626
6586
4958
5513
3441
8584
2923
9361
4218
5846
10582
5180
4921
6845
4588
5698
6475
4625
7030
3108
7067
4810
3478
10693
3737
5069
3367
6623
3515
3256
7881
3478
6734
3515
3811
5883
3589
7437
3441
5846
3293
3293
2849
6364
3552
4662
7178
5143
6068
5550
4403
4514
4921
6253
4477
8436
4033
5883
4810
7104
6216
3848
7622
3404
6401
4588
5328
5069
3700
5365
5143
4995
5513
4921
11433
4403
3441
3034
4181
13616
4773
7215
14134
6956
7178
4181
5476
5217
12358
9398
3589
6808
3959
6586
4255
7696
3663
4477
7400
3552
6290
5550
5735
5698
11544
7215
3700
6179
3700
7807
3441
6771
3959
5846
6919
4403
5217
3626
9546
4699
4329
5328
3182
7104
3256
5476
8991
3515
5106
10027
3811
7326
5476
5328
4366
5291
6734
4440
3182
7289
4551
5180
9287
3552
11988
7326
3552
9361
3478
9953
6882
5217
6475
5254
4440
13024
4033
4736
5106
6586
3811
6586
7659
3256
4810
4995
4625
5624
4551
8066
5402
4329
7955
10804
6808
3663
7030
3885
7511
4292
6142
5291
4588
3626
5698
9916
4181
6956
2997
12654
5143
6142
5365
8436
7030
3145
4847
2923
6105
4033
5661
3959
6512
6734
3848
5624
4181
6179
9583
3663
7030
3589
11285
4847
7881
5365
5069
4477
5106
3219
7733
4255
6068
5032
5106
4810
3219
6031
3256
4329
6438
5291
4440
3478
7548
5217
3552
6734
3589
6179
3811
6401
4403
6142
4218
6512
6845
4625
4847
4625
2775
3515
5069
12765
2960
4292
11470
3367
5069
4773
6808
4329
5624
7437
4292
8214
3737
3330
6438
3552
7104
3552
8214
3108
6105
5957
6253
4477
3404
7585
3256
6919
3478
5180
4847
5069
3404
6808
3330
4995
5735
8769
6956
3330
8473
3293
10212
6771
3404
3071
3478
6179
3552
8510
2997
4958
2590
5994
3848
6290
4810
8843
3922
5957
7215
3589
8140
3848
3848
7696
3182
3552
10212
3367
2257
5069
3071
6956
5180
3478
6179
5291
4958
6919
3589
5735
7030
4181
6549
3959
7437
5254
2257
3034
9472
3478
5402
6771
4292
6290
2701
5402
3441
8399
3478
6697
5143
6031
3293
7992
4477
4181
6623
2923
2960
5143
5365
4588
13875
3256
8288
6549
4921
6105
3700
5291
2886
6512
3256
3108
3478
3330
4588
3108
6512
4588
6475
3996
5846
6068
3367
5624
4995
7696
7104
3145
8140
3663
6549
4181
6216
4736
3182
7918
2960
5550
4292
9620
7437
5143
4921
7030
5328
3515
7844
5328
8843
3293
6549
5032
3145
7067
3589
8140
2812
14874
4921
5254
4699
2664
5624
2923
7585
3626
6253
3182
6660
4033
13801
4995
9324
3996
7067
4588
2849
6253
11100
4366
3182
8880
3478
13061
4588
6549
3182
6623
4070
7104
4810
3404
8177
2997
4514
5883
3071
3145
2960
2886
6549
3515
5809
2997
6216
4588
7178
3737
7178
7289
3441
4995
4662
5883
2923
4921
6586
4662
4625
6031
4588
4921
4477
3293
4810
3478
6438
3441
5291
4514
6401
7548
3034
5402
6734
7178
4958
5439
3182
4958
5106
3478
5180
9213
3256
5550
5365
4514
6253
3071
5032
7548
3515
4218
2701
4884
4995
2923
6290
3626
5180
6216
3256
6882
3811
7770
3552
8251
6401
4366
7104
4181
6031
3626
5254
5994
5106
6216
3515
4366
3182
8769
4699
6216
4070
5920
3885
3552
6068
3219
5550
4810
3515
10397
9657
2738
6105
2368
2923
6179
3441
6882
3182
4440
3145
2886
6660
5069
3478
5439
3404
3478
8177
3552
4699
5513
3478
7992
3663
4255
5439
5180
3589
5365
6993
3996
3034
3367
6660
3219
7474
2960
2849
6919
3441
5550
9731
5217
3515
10471
3367
9287
4218
4477
2812
5254
3441
7289
4884
4144
5735
5254
5069
3589
3700
5661
2960
5624
4440
3626
3034
4810
3515
5291
6919
4218
5291
4625
7215
5032
6993
4625
5365
3515
6808
3034
8140
8214
2849
4255
4625
5402
4847
3515
5254
3589
6660
5180
4810
4329
3478
4403
2997
5439
3774
4884
2738
6586
3589
4551
6660
4588
5920
5180
6031
4181
4736
5291
3404
2738
3071
3034
4995
8399
3663
5587
2664
5032
3182
4958
4181
4440
6845
4218
5587
4329
3219
6549
4181
6512
3811
5772
4736
7030
3219
8399
3219
4107
7178
4514
5365
2849
7733
2664
3848
3330
5143
3219
5550
7363
4329
6512
3589
3071
2997
8436
2849
6179
3663
6327
4107
6438
3515
9768
3293
7400
3811
4477
5402
6253
4403
4810
12802
3182
8362
5365
5291
5994
4810
4625
6327
5476
6253
4810
3478
2701
4995
3108
5994
7881
3145
6549
