Time
9694
6401
10804
10434
7215
4255
7548
5624
4440
7733
9879
3811
7030
5994
5143
5587
5735
3996
6586
3922
5513
4366
4588
7696
3996
7770
3589
7141
3737
6068
3589
4699
7918
3552
6697
3441
6549
7215
3404
5439
10175
3663
8473
7548
4255
6327
4514
6327
3959
8177
3626
7400
3848
3515
5809
3330
5846
4107
4995
7733
3959
8140
5439
5254
7696
5365
3515
5550
3589
5883
3441
3515
3441
3478
6882
7400
4736
6290
4070
7067
3404
4440
8362
5291
5032
6808
5513
5550
4810
4255
6586
4218
7622
4218
4181
6882
4033
7289
4107
5513
7289
4884
3478
7955
3404
7992
3478
11803
4107
5772
4810
6586
9546
5772
5402
6253
3589
8066
4292
3589
8103
3404
4662
6364
5439
5661
9509
3626
7252
6512
4144
5661
4625
5994
9176
8436
3552
7585
4847
6734
4477
3256
6512
4292
6623
3626
5439
5217
5550
11359
5328
5698
3441
3552
6253
5032
4958
2923
5069
4107
4699
5809
5365
3441
6882
3441
8621
4477
3663
8214
3515
3663
3404
3367
7178
4736
6808
3663
3404
8399
2997
9620
4625
5032
5661
4625
5920
6956
4218
6401
4440
6808
3737
3256
6586
3515
10064
3441
4995
6401
3256
4736
5328
7252
10989
3626
5180
3219
6031
3589
5550
8806
9472
3700
6105
4218
5032
5365
3922
5698
4403
5217
5365
5402
7289
3774
8029
3626
3589
3626
3515
3034
3552
3589
4070
11248
3404
6623
3700
7252
4292
3552
6993
3552
5809
4884
5846
5069
5883
7918
3663
7770
3441
3552
3626
5365
7289
5291
3108
3108
5291
5365
5069
7363
7437
3367
7733
3626
5254
8066
3478
8066
4218
6956
3515
5809
8214
3293
6031
3663
4810
4551
3811
3589
4736
5143
5106
6327
3034
4292
2812
4366
5476
3330
5883
3404
5661
3626
5661
4921
5143
7733
2923
6734
2627
9509
3441
7141
3552
5624
6734
3404
7511
3589
5106
4218
5143
6808
4403
5624
5439
3515
8177
3959
3737
6808
5254
4810
5254
6734
4958
5106
5513
4551
6105
5180
6364
4255
3330
7585
3441
6438
3589
5846
5106
4847
7067
3589
4736
5106
6142
7030
4329
5513
3996
4551
3293
5217
3219
5328
11211
4588
4958
6808
4366
7178
3404
6364
6623
4292
6771
4255
4921
6253
3996
3441
3441
3404
2997
4403
7326
3367
4847
6882
4773
6623
4884
3515
6697
3404
6549
3219
7918
4255
6808
3663
7548
3922
4625
7400
4736
5846
4218
6179
6771
5143
3700
6179
4773
58423
3367
3071
4181
6401
3367
4662
4440
5254
3330
7289
9620
4033
6993
3996
5328
3330
3515
5661
3108
4440
5624
3145
3515
4366
6549
4107
7696
3774
6845
3774
5439
4218
6327
3330
3737
7289
3515
3959
3996
5365
3996
6697
5143
5624
3737
7992
5550
4514
5328
9287
3367
5809
5217
5883
9731
3441
4144
6623
3626
6697
3256
7104
6290
5439
7844
11618
5883
5476
5957
3700
4551
5994
4958
4884
3885
6031
7770
3404
7104
4958
4699
3663
6882
3182
7955
3182
10878
4995
2923
3774
5550
5365
5106
6179
7030
3589
5920
3478
9842
3552
4477
4810
7252
3367
6845
4625
7289
2997
5772
3441
8806
5106
3367
4329
4551
3219
5846
3182
7289
4884
4810
4847
3700
9990
4588
5513
3663
7622
3626
3515
6845
3922
3737
6031
3404
7030
4625
4292
5328
3515
6586
3959
3552
3441
7437
3552
7030
4329
5254
5476
3552
3959
11470
3034
4070
3700
3515
3885
3885
5735
4218
8214
3145
7400
3848
7918
3256
5402
6327
5476
5291
4070
2553
3996
3071
7511
2738
3441
3589
3478
3108
3071
3441
2923
3626
7548
10471
3219
4736
3589
3182
6290
5402
5143
9139
7844
5217
4847
4847
3478
6993
7659
3256
6771
4662
7326
4033
4847
5106
3700
5661
4921
12062
3182
4699
5032
4070
6660
3071
3071
4958
9509
3626
6068
3589
6216
4958
5365
5069
3663
5217
3219
6475
3367
5772
4477
6771
8473
3034
6512
4218
7659
4107
6105
6623
3441
6364
4514
7326
3293
5587
5069
4995
4440
3959
3959
4440
2590
4477
6179
4699
7215
4810
6401
3108
4662
7548
2738
5920
5069
7104
3626
6105
3441
4403
3293
6956
5291
4181
2886
4958
5846
5032
5328
3145
5402
8214
3589
10952
3071
3219
4477
3182
5994
2997
6401
2738
9472
2294
7733
3515
5587
4921
4477
4995
7844
9250
3515
9398
7437
3996
6142
3922
6475
5291
2960
3626
3108
2997
6068
4884
3034
3071
4107
4995
3145
6290
2997
10730
3959
3293
3330
4662
7992
3737
8288
2701
6808
2738
3441
5661
5957
3256
5291
3219
7474
3182
6253
3700
5624
3552
8880
5069
4366
7363
3848
6142
4995
5217
4662
3737
7807
2923
8473
3145
3071
4958
5217
3108
4625
2923
6956
4033
6919
4514
5661
5069
3330
6734
3552
3219
3108
8436
3219
3108
4662
5698
4477
5328
3293
5217
8288
2664
2627
3589
4514
4588
7696
4662
8325
3256
5994
3256
5957
5587
3182
3034
3071
2627
4662
3330
5069
4403
3552
7474
2997
6623
3219
3256
4514
7363
4995
5883
2849
4514
3145
4551
4625
3071
5106
3182
7178
5365
3552
6327
3515
7696
3663
8399
3219
5402
2812
2627
2812
2738
6216
3663
6179
3034
5328
3293
4847
3515
11914
3034
2812
3663
3034
2812
3589
8880
3071
3626
3108
8214
3034
4810
5291
7178
4810
6993
4033
6142
2738
3367
7770
4588
6216
4699
7030
3367
6586
5217
3700
4403
2738
7622
2886
9509
3071
4662
3922
8103
3293
5846
3737
3108
2738
8695
3404
4366
3145
5402
3108
4662
3256
5476
3589
5550
4514
5476
5217
7030
3145
5180
5735
3256
4625
3367
5809
4329
5957
3182
7252
2627
4588
4625
3700
9583
3071
5846
3441
6290
5402
2553
3996
3515
2738
5032
3922
3293
6031
2849
3034
2849
3108
4107
3108
5957
3145
4884
4181
6512
4921
4588
7918
3404
6771
4218
2960
4144
7030
4218
5994
2960
5365
2923
2812
2923
7067
4329
6327
9953
2627
4551
6142
4884
5180
4662
5180
6327
4403
6179
4477
2960
9953
3071
2553
3626
3330
